122
951 1417 83
392 6378 184
4220 4220 47
7173 7173 108
4394 526 184
2677 942 184
3561 3561 108
3932 3932 108
803 803 52
6838 6838 108
962 962 47
4203 3641 184
2032 2032 108
3187 3187 52
7283 849 184
7285 7285 108
7205 7205 108
6433 2578 184
6432 2656 184
7433 7433 108
7129 7129 108
3597 3597 52
3761 3761 47
2731 3362 184
5741 4533 184
7492 7492 108
6624 6624 45
7506 7506 108
118 118 108
4368 3957 98
3332 3332 108
1448 6717 184
1621 5443 103
1644 2205 103
3829 3854 184
3761 3761 52
7462 7462 121
7319 7319 108
3957 4368 98
4345 2628 184
7266 7266 108
4157 4157 52
7317 7317 108
4804 2798 184
5726 5726 121
7488 7488 52
2210 2210 52
5888 3305 184
868 868 47
7415 7415 108
7292 7292 108
4 4 108
3165 3165 108
5499 568 103
3597 3597 47
7371 7371 108
7296 7296 108
7175 7175 108
7393 7393 108
7236 7236 108
4394 519 184
7031 7031 45
3 3 108
7276 7276 108
863 863 108
5264 4679 42
3139 2780 184
5678 2722 184
2276 4357 103
1268 1268 47
5298 5298 108
7443 7443 108
1057 1850 83
5227 5227 108
3991 3228 184
4384 537 45
5884 5884 108
4357 7493 184
165 165 47
530 530 47
65 65 52
466 466 52
1469 1176 184
5766 4982 83
5117 2392 184
6836 6836 108
1222 1222 108
555 555 108
803 803 47
4817 2632 184
3561 3475 184
4351 4351 52
2823 214 103
3122 561 184
5639 2791 184
7140 7140 108
5283 5283 108
478 478 47
7430 7430 108
466 466 47
1222 1436 184
6757 6757 108
4167 2807 184
71 5975 103
65 65 47
7367 7367 108
4220 4220 52
133 133 108
4394 518 184
3187 3187 47
2884 6295 103
1268 1268 52
7245 7245 108
2128 2128 45
4366 4357 103
1121 1121 52
5046 637 184
5572 5064 103
5055 679 184
7117 7117 108
5450 5450 108
5272 5272 108
