379
337 3837 92
4831 1240 51
417 5156 92
3742 1315 36
4116 4920 51
4003 3357 92
697 6572 51
337 7154 92
3042 6212 18
3839 3610 158
3839 5874 158
3839 7009 158
3839 6473 158
3301 5381 157
5537 1970 51
4939 6306 51
5117 6907 106
5117 6884 106
4919 2718 202
1788 4779 54
6111 7342 92
1332 19 51
3580 2772 94
4419 3908 51
2388 4486 51
3839 7039 158
3839 6024 158
3839 5345 158
3839 1380 158
4268 1073 51
6697 1756 51
844 5056 51
4808 5526 51
3005 42 51
337 320 92
4157 5151 51
3839 7378 158
3839 5646 158
4277 67 54
4146 202 51
1345 341 51
2442 4004 51
6105 6054 94
3942 4516 202
3580 6189 94
337 2432 92
3042 6211 18
2070 4212 51
3839 3939 158
3839 7385 158
3839 4909 158
872 3335 51
3301 569 157
3301 7162 157
4305 5415 51
2956 4353 82
5537 2174 51
607 4122 51
4719 5531 94
4926 3708 92
6504 5840 92
5440 2526 51
3839 6941 158
3839 4511 158
5658 1613 51
3584 5381 51
3746 4368 51
2585 3532 92
3576 5335 54
4808 6596 51
4154 4859 92
4919 4849 202
4926 411 92
6504 4202 92
408 2318 92
1661 1629 51
3839 4236 158
3839 6561 158
437 5501 51
417 3535 92
3942 2718 202
6143 1997 51
1622 5320 92
1198 3412 51
5117 7055 106
5117 7067 106
5117 6602 106
5117 6864 106
1332 567 51
5440 1612 51
3301 203 157
3301 5631 157
4671 3135 94
2105 3126 23
105 3657 51
5117 6831 106
5117 7079 106
6111 6051 92
4926 3700 92
870 5625 51
337 2296 92
408 1340 92
4360 356 94
6593 4122 51
3839 6657 158
3839 5783 158
3839 5823 158
3839 384 158
3516 3978 51
2344 3031 62
5960 88 54
338 4300 92
2211 361 51
4215 2132 54
105 2340 51
5117 6961 106
5117 5695 106
5117 7066 106
5133 2585 146
3839 7533 158
3839 5956 158
3301 148 157
3301 3073 157
4305 3804 51
4305 5341 51
5117 6957 106
5117 7040 106
5117 6530 106
5117 7054 106
4919 281 202
4546 3032 51
5440 1160 51
2769 4469 51
1491 6381 51
3839 3975 158
417 6249 92
1187 1388 51
6343 5712 51
3005 85 51
3522 3384 51
2388 742 51
3839 5884 158
3839 5822 158
3301 1241 157
429 2724 51
194 6575 51
4919 969 202
4919 4502 202
7194 6271 13
3580 1993 54
337 6279 92
1779 2765 51
3839 7269 158
6190 3304 51
3516 2304 51
6630 1008 130
3334 2935 130
6033 2376 92
3113 789 54
5960 4265 54
4363 3100 62
2923 3415 54
563 4469 51
2800 1713 127
5117 7015 106
5117 7008 106
3580 7204 94
3881 6034 51
3839 973 158
3839 2091 158
4305 3801 51
2105 4440 23
2102 213 54
5117 7036 106
5117 5829 106
6111 4343 92
6593 5099 51
1078 5196 62
2388 6629 51
3839 3699 158
3839 6436 158
3301 6489 157
3212 3950 92
4813 5526 51
1088 144 95
4671 88 54
1226 2184 51
4808 2174 51
2124 2460 202
5117 5668 106
5117 6858 106
4919 2709 202
4640 4580 156
4446 2877 54
2151 1158 51
4635 4225 51
3839 513 158
2054 6712 51
3301 1637 157
4268 6239 51
338 5768 92
1165 6724 51
7407 3392 54
1946 4551 51
4939 5817 51
5258 4530 177
5117 5991 106
5440 2221 51
6105 7341 94
480 3010 177
2102 5534 54
3306 2782 54
3306 2397 54
4798 2587 51
1332 6140 51
337 7157 92
337 5771 92
6124 2815 54
3301 4468 157
4468 3765 62
1603 1678 51
3942 2928 202
6311 394 54
4270 5770 92
5117 6482 106
5117 6938 106
1332 3388 51
3301 2170 157
3301 2132 157
6033 5836 92
4939 864 51
5117 6844 106
4154 5901 92
4919 2703 202
230 4476 51
1788 2533 54
2114 922 94
3839 5974 158
3839 5695 158
3839 1543 158
460 5897 177
417 3293 92
1844 1429 51
4050 4081 189
1398 1235 130
2105 3122 23
3906 862 127
4809 5935 51
1108 1985 51
1622 681 92
4919 2692 202
4919 285 202
3005 3202 51
267 1002 51
3839 5775 158
3839 2999 158
3301 786 157
4268 7331 51
4468 6318 62
2611 1081 51
896 2873 51
5117 6925 106
5117 5749 106
4926 5800 92
6504 4811 92
3839 2478 158
3212 4594 92
2738 1008 54
4305 5525 51
504 5724 51
196 2214 51
5117 7039 106
5117 7065 106
5117 6754 106
5117 6716 106
1640 4996 92
337 2772 92
5440 41 51
727 3908 51
3839 5870 158
3839 4324 158
3839 2927 158
3301 5752 157
3742 5070 36
6323 2376 94
4305 1713 51
3746 2429 51
1034 2539 51
4803 4898 51
4939 5966 51
5117 6854 106
4919 5182 202
1332 862 51
3301 6291 157
1062 2420 51
429 4290 51
2105 4796 23
338 3959 92
3906 3068 127
5117 6837 106
5117 6526 106
4919 1762 202
3901 5155 92
4160 3326 54
3942 6542 202
4808 4109 51
5117 6882 106
344 3377 51
6763 4319 51
4919 3777 202
3889 3383 51
3839 7274 158
3839 4073 158
3839 4086 158
2054 832 51
3301 7142 157
3301 2724 157
2285 7161 68
4305 1818 51
3113 3718 54
4003 5240 92
4014 3080 62
5117 6819 106
4919 3575 202
4919 4699 202
4919 3796 202
3005 5060 51
1788 1107 54
5440 2185 51
3839 4271 158
3839 7214 158
3516 5530 51
4806 3202 51
3301 2457 157
3301 4190 157
3301 6574 157
530 4107 51
2082 1008 130
4939 2843 51
5117 6880 106
5117 7027 106
5117 6477 106
4919 276 202
3839 6251 158
4016 4010 92
3301 684 157
2124 3122 202
5117 6890 106
4251 2148 51
2292 6386 51
4919 295 202
7194 2948 13
6504 5905 92
2638 681 92
3839 7211 158
3839 5664 158
3839 7504 158
3046 2585 146
5410 2755 51
2525 2257 51
338 4622 92
7482 310 51
4808 990 51
1332 5054 146
3042 1820 18
866 3022 51
3839 5612 158
3839 5078 158
3301 626 157
3212 5186 146
2082 400 130
4671 4469 54
3763 3068 127
3740 34 94
4270 2459 92
961 3482 54
5117 6528 106
4919 4516 202
1332 4014 51
