2089
7473 2072 113
6880 5189 120
965 3701 203
2754 3349 49
4722 5591 191
3890 6154 71
5659 4357 72
542 5221 74
4510 4253 160
2146 3242 145
348 748 170
2516 2072 113
3662 5639 19
3827 5189 55
396 4807 49
1597 5117 162
3908 5117 162
6128 4796 33
72 4993 44
3024 7253 163
1229 2627 56
5277 4698 75
6721 4947 163
1932 5639 162
4969 4320 161
2592 5117 162
4344 5189 70
25 7271 72
6759 4730 168
5428 2066 161
4052 5591 191
4974 5650 72
312 3139 162
5658 3679 56
4747 4253 160
6330 5583 75
3441 2860 63
1213 4993 44
6428 6398 109
2481 6014 79
3728 5781 76
5441 3839 170
5218 984 79
2471 5791 163
4597 2677 72
1036 2627 56
3129 2103 16
834 748 170
4998 5117 162
1182 4993 44
428 443 86
4706 6069 163
1187 1184 49
3335 2573 160
6424 5117 162
5770 4993 44
280 4993 44
2782 2066 161
5476 5395 74
4282 5886 163
4180 6368 15
1011 5117 162
822 4993 44
1238 2072 113
1602 4080 49
1356 5189 34
5580 2030 113
6141 69 79
745 3839 170
7449 6398 109
7150 2122 162
7150 3631 163
6480 5189 120
226 4993 44
7154 4417 91
3659 5117 162
166 5189 34
3495 5117 162
509 4993 44
5266 4062 71
4258 5583 75
1765 6065 72
2619 4253 160
1759 5117 19
168 3839 170
4251 5147 14
4379 2103 16
4919 4993 44
366 4600 66
6345 748 170
6685 6323 16
1338 6848 163
3500 2030 113
649 4698 75
2931 4253 160
3973 2066 105
1501 4993 44
1596 5097 85
6542 2181 113
2879 3123 162
7130 2072 113
3934 2593 168
6213 5189 70
4680 2776 163
790 3839 170
4799 3701 203
7125 617 161
3138 1853 72
1099 5189 34
6770 2161 55
4597 3777 72
1139 2072 113
3584 4993 44
5584 4796 162
2844 2850 69
2663 2243 66
427 5117 162
6654 6398 109
82 3839 170
5442 5189 34
2726 1836 87
3414 3839 170
7401 5189 114
634 2573 160
6239 5117 162
7305 6398 109
7108 3839 170
3380 4253 160
4345 4342 105
4693 2825 113
3787 6368 15
6038 6398 109
6038 2072 113
6141 4698 75
6569 4883 20
7397 4807 49
6804 6398 109
952 965 166
6782 6398 109
2424 2627 56
635 5620 63
2183 2723 56
3429 2573 160
937 2573 160
1842 4253 160
1315 5189 34
833 4122 84
1765 1798 80
7127 3334 126
7037 6398 109
5499 1947 105
5745 276 162
728 4993 44
951 4698 75
119 4993 44
1639 1998 163
4335 5117 162
1758 5117 162
103 2072 113
5448 4993 44
649 5189 70
328 3839 170
172 5189 120
6872 2072 113
3354 1836 87
6341 3339 161
874 4880 86
2345 3152 183
6344 3839 170
4680 3839 170
6731 4649 21
4902 7271 155
5637 1836 87
1756 5117 162
4198 5117 162
850 3012 163
7477 2072 113
540 2455 38
5983 6313 90
1744 5189 70
7133 965 166
4737 6398 109
3505 4807 49
984 5117 162
1933 4857 87
6387 3701 203
4086 2072 113
2539 4253 160
2448 3136 85
3377 6353 163
4535 5522 163
1385 2453 183
182 5117 162
4273 3784 155
4456 2181 113
346 258 79
6217 701 72
4629 4993 44
5914 5524 166
777 5548 163
2289 1836 87
3370 2453 183
2880 4993 44
1143 5057 72
3977 3701 203
5516 2181 113
3346 3839 170
344 3729 49
2341 4253 160
2535 1184 49
470 4993 44
2415 2122 162
980 4993 44
7016 2030 113
1999 3839 170
3543 5117 162
3067 3839 170
4936 5994 166
4841 4080 49
3708 5189 70
3708 4062 71
3133 2030 113
3322 5117 162
5529 2380 79
2079 4253 160
5427 5117 162
2377 3701 203
3550 3839 170
1657 3839 170
6710 4993 44
4355 2103 16
1124 1029 149
5151 4253 160
5615 1836 87
282 4253 160
6375 4993 44
450 3839 170
5666 4253 160
5666 3839 170
6681 5189 120
186 4993 44
5909 5117 162
6834 5189 120
3548 2453 183
5105 4993 44
1362 4993 44
4972 5708 168
4440 4302 112
1346 2627 56
2261 5189 70
4556 7443 163
3801 4253 160
4785 2573 160
1025 2073 113
886 4080 49
787 4080 49
1197 4253 160
797 5117 162
4026 3701 203
6616 4141 49
4801 3123 162
6645 6398 109
4339 4080 49
7128 6333 163
2855 7373 163
7251 2165 113
4690 3701 203
4364 5189 70
4620 2804 166
1211 3839 170
322 4185 166
6610 748 170
4839 3242 145
3986 3507 74
2119 3839 170
3429 3123 162
7266 6660 107
4429 5117 162
1089 5895 155
4388 4796 162
5273 4993 44
4487 4993 44
2675 2030 113
5388 1836 87
6484 4048 14
1853 2072 113
2805 5302 84
5169 2351 71
1819 4253 160
310 3839 170
2541 5189 34
6089 5934 162
315 4253 160
1360 4649 21
6262 4993 44
704 5189 34
4733 1836 87
5112 5117 162
4280 2573 160
6002 2573 160
2892 5189 144
5659 3941 74
1824 5583 75
1532 4080 49
2458 5189 34
956 2181 113
1790 4993 44
3341 4993 44
4679 4253 160
3464 5887 112
2693 3701 203
1262 214 147
2053 4141 49
6794 6652 107
5026 5115 163
7432 6398 109
2141 4920 91
145 1836 87
916 1961 168
916 3839 170
4290 4993 44
6183 6398 109
2631 2453 183
5159 5117 162
4275 4253 160
2271 4993 44
6648 4993 44
3539 3242 145
6513 4796 162
4556 2573 160
1102 5524 166
6732 3090 113
96 5189 34
2142 2103 16
6955 2072 113
6829 4993 44
6900 6398 109
5429 3242 145
3805 5548 163
5471 3839 170
2000 3631 72
5628 5708 86
6545 4993 44
1127 1978 79
804 5117 162
2287 4253 160
3964 4993 44
6822 2453 183
7041 4993 44
6515 4807 49
6134 5117 162
5712 7106 163
1719 68 79
1072 6368 15
38 5189 70
3055 1836 87
3323 5117 162
4340 5189 55
630 4993 44
5006 5189 70
4507 4253 160
554 2825 113
5636 2122 162
1763 4796 162
980 2072 113
3036 2976 166
4053 5117 162
1524 2066 161
5989 2072 113
7363 2030 113
4315 2573 160
1000 2103 16
1435 460 183
3559 5166 171
3853 4253 160
151 4993 44
1656 5147 14
863 6398 109
6859 6398 109
737 4253 160
3046 2066 32
4243 2573 160
882 3727 71
5274 4048 14
7355 2072 113
4552 5117 162
6145 2627 56
5391 4600 66
1079 4993 44
3359 6460 79
213 2066 59
5020 3102 69
530 2246 49
638 7228 168
1228 5524 166
64 7242 155
4278 1221 72
1748 4993 44
936 4600 66
3648 4253 160
4130 5189 70
2891 4253 160
5677 6368 15
6421 4253 160
4521 2103 16
1196 6998 163
7107 2039 159
3149 5032 166
5905 4600 66
3526 4993 44
4424 5189 70
2431 3839 170
822 3839 170
5523 5189 70
3043 4993 44
5554 4993 44
2589 748 170
4213 2976 166
2916 4993 44
3737 2573 160
1237 4993 44
4387 3839 170
4465 2122 162
5717 3839 170
220 1853 163
3351 4253 160
2198 4993 44
3423 4480 84
2290 5189 70
6835 5189 120
6129 5685 89
127 6398 109
4154 4993 44
3428 3122 162
4763 4993 44
1595 2400 85
8 6398 109
5272 6398 109
4303 5117 162
5482 5189 34
927 4253 160
4568 4122 84
6557 4796 162
2020 1029 163
1326 5117 162
170 5497 85
3908 3839 170
7417 4993 44
6717 2453 183
228 3701 203
2960 4993 44
1523 4253 160
4964 2990 161
1711 7471 163
1297 1940 161
3895 3839 170
2285 1836 87
2026 1853 163
86 3701 203
6302 6368 15
7102 2072 113
3146 2453 183
6048 5678 162
6831 6398 109
2347 2297 71
6164 3839 170
6728 4993 44
4072 5678 89
2521 5117 162
4843 2066 105
4175 4993 44
4322 4993 44
1586 5189 120
4984 4253 160
2908 4993 44
4468 338 159
1406 5117 162
5459 2453 183
4341 1236 168
1053 6368 15
358 3701 203
4463 1836 87
2954 7439 72
634 7211 168
3725 5934 89
1142 1184 49
4663 4993 44
1004 5189 55
6481 2072 113
2753 5117 162
1305 5117 162
4505 1940 105
4690 6368 15
2000 4048 14
6800 5189 120
5800 6075 71
2031 3136 85
962 3242 145
2806 5117 96
4630 4253 160
1295 2066 161
4532 5117 162
621 4993 44
4014 5117 162
6217 1836 87
1583 5117 162
777 2066 59
4401 2593 163
1315 5117 162
1760 4062 71
4830 4993 44
4814 5189 70
3977 2103 16
682 4253 160
1271 6737 147
4229 1289 126
3209 2066 161
2691 3839 170
4011 3260 79
230 4993 44
5526 582 163
6084 2072 113
6004 4993 44
179 3839 170
5755 4993 44
6877 2072 113
6430 2072 113
5848 5189 34
2517 5398 69
2440 1088 61
4727 4993 44
3408 1757 72
4794 4993 44
5625 3839 170
6360 5117 162
5335 6580 166
3535 3631 72
7278 2030 113
2831 2677 162
1429 4993 44
4395 4253 160
5853 2453 183
6760 3839 170
1080 2723 56
2090 5117 148
2508 4993 44
922 5892 72
3074 4600 66
2296 5189 70
2919 3123 162
1674 2990 161
7110 3839 170
4108 5117 162
203 4253 160
6036 2072 113
6806 6398 109
3747 6014 79
6397 4080 49
4930 7146 86
2206 4080 49
1937 4369 49
3247 4253 160
7404 5117 19
6425 2103 16
6616 2723 56
4349 4993 44
6720 6398 109
4101 2269 64
5938 3464 20
7258 2165 113
5564 5189 70
7517 7228 168
3740 3701 203
1258 2573 160
1032 3839 170
1276 2066 161
5793 4993 44
4164 4253 160
4213 3784 163
7467 5189 70
4779 3864 166
6500 5583 75
3838 5117 162
4636 7271 163
4636 4253 160
931 4993 44
6473 4993 44
4598 5189 70
3209 6542 162
4237 6550 155
7012 2030 113
4485 5190 155
5220 6154 71
366 1756 71
7388 4086 20
951 3128 85
7403 2072 113
5291 4993 44
4381 4253 160
4271 2181 113
2785 5524 166
5417 5678 89
4263 5189 70
7429 2030 113
5318 1836 87
3404 5579 147
5279 4993 44
5444 4080 49
2388 4141 49
2126 4993 44
5024 1836 87
4831 2723 56
6283 4993 44
7157 5900 63
7383 5189 120
3013 5117 162
7040 6398 109
2285 3635 71
1022 5751 71
1775 4993 44
6313 4796 162
1634 5524 166
4721 3888 91
1576 2804 166
5502 3048 64
6397 553 49
3252 3242 145
4879 4653 168
5902 4993 44
2273 4993 44
3896 3839 170
4106 2573 160
4847 2943 71
2885 4993 44
6201 1836 87
3673 3122 162
1933 5189 70
1201 5117 162
3153 7184 72
2726 5033 84
2539 3839 170
1875 2453 183
2807 2453 183
4301 5017 85
5481 4653 155
2806 3701 203
6884 5189 120
3392 5117 162
7312 4993 44
5593 4883 20
2288 5591 191
5408 4253 160
762 5189 34
2417 1836 87
4955 3949 125
1628 2573 160
1918 555 163
5039 5189 70
629 5189 70
1399 2825 113
2380 5117 162
2644 3657 80
2394 1836 87
5037 5605 74
4833 130 147
1750 6065 163
70 4549 147
2079 4849 162
1695 7271 72
4901 3701 203
3367 3839 170
1657 5117 162
299 5189 115
270 2103 16
5739 5189 70
1027 6505 105
853 3839 170
4723 4698 75
2196 2593 155
5869 2627 56
6192 5147 14
847 615 79
5264 7228 168
3680 3123 162
1341 2573 160
1925 1482 147
4300 2287 84
3959 5189 70
4421 3047 76
638 1853 163
7050 5189 120
2045 3784 155
1576 3839 170
3238 2453 183
2027 553 49
4827 4080 49
7089 2122 162
387 4993 44
1301 5189 34
2824 4141 49
2885 5117 162
3505 5189 58
5650 4993 44
2923 3701 203
2467 2059 70
3725 5189 70
5023 3839 170
4321 5954 112
5883 4993 44
2443 2573 160
7026 2072 113
2595 3839 170
7159 3839 170
3352 2573 160
7220 2165 113
3089 5189 70
1468 4253 160
7069 5117 19
2695 4993 44
1946 4141 49
5283 6398 109
7167 4993 44
1581 4993 44
2724 2066 161
777 5934 168
2417 4774 71
3365 4253 160
6980 2165 113
2705 1935 79
452 3839 170
2579 4993 44
4154 2593 150
6640 5189 120
3639 3839 170
1830 2066 161
610 5117 162
7240 2165 113
4546 1029 149
1326 5189 34
649 4993 44
5556 4993 44
6476 6053 72
1316 4993 44
5024 4796 67
2592 4253 160
7317 2030 113
6151 7244 163
6841 2072 113
3599 3090 113
6863 5189 120
6863 2072 113
3432 5189 70
4552 4993 44
1099 5117 162
6767 4993 44
1397 5189 70
3598 5117 162
3296 5524 166
3127 2573 160
4460 2103 16
4537 1853 72
7452 2073 113
2815 5524 166
2436 4796 162
1424 1853 163
3648 2804 166
293 5117 162
764 2030 113
1607 4993 44
886 7031 147
7472 2072 113
7000 5117 19
5905 7146 86
4983 4253 160
7517 3839 170
262 5462 76
3551 1853 147
7457 3949 20
6558 6939 186
1935 4993 44
2720 3872 80
5497 1029 149
5389 4253 160
192 3883 113
4242 4110 85
4242 5189 70
7442 4993 44
7229 4993 44
5975 4993 44
4920 3839 170
3946 5189 70
5914 3839 170
7348 4993 44
4695 5105 163
251 468 154
4551 2573 160
1856 3701 203
5911 2072 113
2338 3136 85
3165 2072 113
5365 6177 74
2787 2573 160
6433 6368 15
216 4253 160
6783 5583 75
4409 4253 160
1333 4649 21
4711 4253 160
6886 5189 120
4768 5117 162
4823 5395 74
3393 2990 161
2128 3123 162
599 2030 113
1014 3839 170
495 5524 166
5947 2072 113
4187 5524 166
3924 3839 170
6341 2677 162
2920 2573 160
4682 2234 72
4806 2066 32
6344 4253 160
644 2573 160
6367 6398 109
5544 5726 72
1968 5117 162
7230 6398 109
842 1184 49
3476 5117 33
1091 3242 145
3849 2066 161
1757 3349 49
1705 443 86
62 5524 166
1504 5117 162
1606 5818 66
6198 2573 160
1586 2165 113
2396 3949 149
2734 4993 44
325 5160 16
2047 5524 166
6265 5189 114
34 1836 87
2881 3701 203
3921 2593 72
5905 1836 87
7074 6398 109
4530 3839 170
57 1289 126
1111 2565 31
393 5937 163
4686 5117 162
473 4993 44
986 3839 170
71 1940 105
6647 5189 120
1026 4993 44
3872 4253 160
4744 4253 160
3786 5059 80
3786 5412 63
415 2677 162
3775 5189 70
6266 4253 160
76 1836 87
6741 5189 120
948 4993 44
1699 4080 49
7160 2161 144
5072 3839 170
1360 5117 162
1423 2122 162
5228 3136 85
3501 4253 160
927 5524 166
2736 5678 162
5991 2073 113
337 3172 31
7352 6398 109
4157 4993 44
348 3839 170
3569 3716 166
4326 2453 183
1149 2573 160
3295 2804 166
1950 6207 71
647 6398 109
6643 6398 109
6081 2030 113
32 1836 87
4579 2072 113
6167 5117 162
4902 3642 151
6682 4993 44
555 4993 44
3114 2453 183
4290 5032 166
2193 2565 31
4735 5583 75
3939 5189 114
2856 1247 79
541 5117 162
1472 2453 183
2721 3839 170
6920 4861 86
1980 3344 84
1114 3839 170
2419 5117 162
1171 4080 49
2136 5117 193
7464 5189 70
1230 1836 87
1607 5579 125
34 5189 70
4343 5398 69
6317 5189 34
5890 4993 44
7128 4253 160
3446 2030 113
1268 4993 44
2443 5117 162
1509 2573 160
6268 2555 71
3073 2122 162
7112 5189 70
3029 5117 162
7041 2030 113
141 6398 109
2289 5189 70
2198 7243 155
3560 1836 87
1100 1998 163
1007 2573 160
394 748 170
2139 2103 16
2083 4993 44
3323 5117 96
1765 2860 63
7158 1853 155
1722 3136 85
3357 1853 86
3521 2066 161
6763 4080 49
782 3839 170
1402 2573 160
585 5147 14
4307 1836 87
3517 4993 44
4759 5576 162
3282 3573 2
6261 4144 84
7390 2072 113
1779 2627 56
1758 4253 160
2128 4253 160
4021 5117 162
328 3631 163
2114 5189 34
1598 2066 161
3267 151 155
378 2453 183
1150 2723 56
4974 2494 71
6674 3758 186
5405 4362 84
6824 6398 109
7274 2072 113
3498 1836 87
4702 863 163
1091 1184 49
843 2627 56
5410 4993 44
3139 6368 15
1412 3242 145
593 4141 49
2961 3136 85
1522 5117 162
1607 5576 162
3759 3122 112
1300 4993 44
4301 3745 85
5628 5741 86
1408 5189 34
2076 4993 44
3427 3901 85
6848 2072 113
2812 6368 15
4571 1836 87
7400 6398 109
3946 4417 91
6724 748 170
6981 5189 120
6664 5189 120
785 2573 160
3002 5117 162
5520 5117 162
876 748 170
1157 4993 44
4704 4048 14
6094 5189 120
6452 480 183
1595 3122 89
1318 5117 162
3724 5189 70
923 2072 113
3104 5189 34
3920 5189 34
6002 2066 161
1417 417 85
5343 2122 162
5343 3839 170
5469 5678 162
6355 5583 75
2407 3839 170
3341 1836 87
3367 748 170
935 5117 162
1060 2593 155
6759 4796 162
2666 4253 160
1957 3735 63
2518 3839 170
943 4993 44
6313 2122 162
3777 2103 16
6690 4253 160
4051 5117 162
114 4993 44
2956 2511 80
3066 4253 160
2258 4253 160
4275 5189 34
5502 6657 72
5713 3839 170
3080 4254 84
1465 3839 170
1028 2209 147
5716 4993 44
7411 4993 44
2604 3335 90
2159 3839 170
6042 5189 120
7448 4993 44
5905 2511 80
3725 5583 75
446 2072 113
3979 5591 191
4515 4253 160
1863 5117 162
3421 4993 44
6537 2714 72
2806 5117 162
4994 2126 79
1302 4080 49
4203 6368 15
5404 1853 86
701 4993 44
3029 4459 161
5539 6398 109
4744 5556 163
3786 647 72
3429 4320 161
868 553 49
7210 4993 44
5570 4279 166
2999 3090 113
6097 4993 44
4960 2555 71
554 4796 100
4053 3839 170
6915 4993 44
4523 6368 15
195 5189 34
379 2453 183
532 748 170
1366 3839 170
7367 6398 109
4936 4253 160
837 3404 85
939 3839 170
5440 3172 31
7475 5117 19
2517 1836 87
6965 2072 113
6934 2072 113
5271 6398 109
918 5189 34
4897 4253 160
6519 2073 113
6794 2165 113
7530 2072 113
5430 2244 90
4395 3123 162
2244 468 154
2669 6014 79
7065 6398 109
4300 5189 70
1775 1064 55
1038 3839 170
3482 6069 163
1138 5591 191
4657 5189 70
3074 4796 67
5449 5445 107
4800 3701 203
4659 5591 191
4440 2103 16
2216 555 163
1272 4993 44
7351 4993 44
5924 4993 44
2953 3784 163
231 3631 147
6891 6398 109
5802 5138 16
3555 2455 2
7362 6398 109
3717 5189 70
3717 4993 44
1111 4141 49
453 4993 44
6641 5189 120
4535 2573 160
6960 5189 120
6574 3839 170
4364 1853 72
5077 5117 162
2543 5435 72
6889 6398 109
1295 748 170
6415 3701 203
1780 4253 160
745 467 154
220 2066 161
3519 5117 162
6008 6248 113
6554 4993 44
5766 5583 75
4030 3701 203
5148 5888 72
5678 3701 203
3012 6398 109
168 4253 160
4886 1853 163
3036 3784 163
4523 3701 203
2967 3335 90
2792 5117 162
7363 6398 109
4711 6542 162
818 7296 163
3133 5189 114
3133 3828 112
2867 555 163
6963 5189 120
162 3334 126
5320 443 86
5670 3745 85
2053 2723 56
1967 2073 113
2400 2565 31
847 5583 75
5970 1836 87
2936 2573 160
5913 5189 120
6150 6075 71
1138 6914 155
5260 4253 160
7243 6398 109
1691 1836 87
2932 5117 162
6053 2073 113
1852 1836 87
3592 4993 44
2515 4993 44
6671 6346 186
1529 2825 113
6003 4993 44
6661 6398 109
1197 7288 168
575 935 79
6974 6398 109
1214 5117 162
6278 7205 72
4348 6843 155
1004 566 49
1817 4993 44
6574 2066 161
6072 5784 163
2031 7233 72
2840 5117 162
4284 3006 84
6938 6398 109
808 2723 56
2287 3839 170
346 2586 71
463 4993 44
298 4671 87
1008 2593 125
1482 1029 20
3846 1379 79
2858 4480 71
357 748 170
38 4698 75
1231 5751 84
5998 2072 113
3186 6265 149
3987 582 163
1771 4048 14
6090 4993 44
216 7215 168
1103 1720 112
4462 2103 16
2839 3839 170
2112 3839 170
3654 4993 44
3293 1853 72
6823 2165 113
2 2030 113
3135 1557 80
1567 1306 163
1285 5117 162
6643 5189 120
1939 3242 145
2024 2066 32
4070 2927 168
7384 2072 113
1724 6507 155
4917 5117 162
3755 3882 72
6166 5117 162
7144 5023 63
6167 5032 166
518 2453 183
3596 6398 109
1983 5230 79
6305 4480 71
2432 2801 63
3451 4253 160
5360 2453 183
203 5117 162
7423 2073 113
934 5117 162
347 3839 170
996 5117 19
6614 5189 120
3153 2498 76
7291 2072 113
1662 1836 87
1373 7153 163
1551 4141 49
2001 3839 170
2778 4993 44
6268 3901 85
844 3242 145
3487 5189 70
5823 4993 44
5301 2804 166
3214 4627 162
2703 6368 15
4088 6532 112
5261 1836 87
779 2072 113
2119 2066 161
861 4141 49
6922 4993 44
2033 4993 44
2425 3242 145
1699 4993 44
178 2573 160
129 6398 109
3346 4440 162
1081 4253 160
5117 2165 113
3411 4993 44
341 2082 129
216 965 166
1872 6398 109
5220 5820 71
5425 5117 162
6472 4993 44
2563 4993 44
7308 4993 44
4335 5189 34
1014 5189 34
4360 3839 170
3569 5117 162
5164 4121 85
4294 5189 70
1828 2943 71
3060 5117 162
2587 5117 162
201 5117 162
1556 5189 70
2874 2990 161
3843 5189 70
5384 5117 162
890 3839 170
3847 2072 113
1418 4993 44
4761 3839 170
6629 1289 126
3939 4993 44
3836 4253 160
5021 1283 90
5584 4253 160
101 4993 44
6163 1853 72
6064 4993 44
1965 4141 49
3814 5741 163
6445 480 183
2828 4993 44
3527 4993 44
4469 5117 162
1372 1289 126
752 4993 44
4348 4993 44
7046 6398 109
7445 6959 107
7162 5189 34
2720 4385 79
6199 2181 113
4693 3701 203
71 6510 105
1347 4993 44
320 4486 63
7139 5189 34
4090 6715 112
1261 2453 183
3537 2453 183
5952 6398 109
4387 5117 162
1643 1853 163
4028 4993 44
372 3839 170
2435 3172 31
6892 5189 120
4645 3122 19
5288 4993 44
2290 6014 79
6607 1836 87
2945 4993 44
7528 4993 44
2064 3789 71
3789 4253 160
3186 4080 49
1157 553 49
4507 5117 162
1219 6398 109
2644 1836 87
4554 3799 91
1332 4807 49
5932 5117 162
4894 4993 44
2213 4253 160
1824 5189 70
3657 5117 162
5214 748 170
348 2122 162
328 4993 44
5594 116 163
1567 5524 166
2049 3839 170
5034 989 79
6287 2181 113
281 4291 105
4831 2627 56
981 2072 113
5430 4993 44
5264 5117 162
4825 4080 49
1135 3839 170
2475 2475 100
4731 753 85
3959 1836 87
3769 3701 203
5020 5189 70
4137 2181 113
2844 4993 44
428 4861 86
4963 6005 168
1762 2103 16
4356 3839 170
5522 4993 44
4789 935 79
3546 4253 160
1300 3839 170
4663 2165 113
4509 2066 105
4112 5117 162
4683 5059 80
2250 748 170
5060 3839 170
2851 3839 170
6874 6398 109
5847 4796 162
3448 893 162
1325 4253 160
402 5117 162
5834 3631 72
4497 2103 16
730 2066 59
4914 3339 105
4939 4993 44
1137 984 79
7370 5189 120
6768 2072 113
5799 4993 44
3495 2066 161
4388 2564 159
3452 1836 87
1987 4253 160
4621 1332 159
127 4993 44
2138 566 49
4182 6368 15
1755 2544 150
908 3839 170
4230 3839 170
681 5189 70
3848 2073 113
356 5189 70
4604 3839 170
5848 5895 163
4568 5189 70
4823 765 79
6092 4993 44
5427 4253 160
7106 2072 113
7224 4993 44
6739 6398 109
3988 1836 87
4893 480 183
6657 5189 120
3400 4253 160
7118 2927 72
5455 4253 160
750 4080 49
2757 5117 162
801 4253 160
6824 2165 113
5071 555 163
375 4993 44
6475 1853 72
4198 2066 161
2362 5591 198
6428 2072 113
209 4253 160
7078 2073 113
5310 2453 183
2236 4993 44
2901 3242 145
1452 421 149
942 2453 183
7322 4993 44
4716 5117 162
1141 4080 49
6458 480 183
3080 3956 85
4712 1963 112
2121 5117 162
1129 3839 170
1117 2627 56
3923 1836 87
4349 3701 203
4520 2103 16
5693 5189 120
2782 3839 170
6298 1836 87
1336 748 170
1112 5117 162
7379 5189 120
6256 2573 160
2448 7271 72
954 4253 160
5797 3631 72
5375 1853 163
71 1348 105
4466 4796 162
3442 6368 15
4920 555 163
415 3839 170
1842 6716 168
2264 2976 166
7370 4993 44
166 4993 44
5655 4253 160
6835 2072 113
265 294 163
5009 2593 163
4182 3701 203
3907 3242 145
6272 2066 161
681 1836 87
3732 1088 61
7092 3839 170
1366 748 170
3629 1836 87
7438 2072 113
4139 2573 160
1338 2573 160
5319 5189 70
7374 6398 109
60 5117 162
3550 5117 162
5906 3839 170
4619 5678 72
6535 3647 155
6476 5189 70
5886 6398 109
2699 4253 160
5495 4549 163
6282 2453 183
1019 4825 159
977 6398 109
6022 2030 113
1181 555 163
2525 4993 44
1133 553 49
5159 5032 166
1141 553 49
2952 4993 44
428 1836 87
4930 4803 72
5983 1840 71
5983 1836 87
4169 1836 87
1962 5189 34
2422 4993 44
2533 2573 160
1195 5100 147
3505 4993 44
996 6398 109
280 2066 161
7446 4993 44
3541 1853 163
795 4253 160
1192 3701 203
5407 1088 61
3833 1656 159
1985 5892 163
2331 5189 70
7507 4995 63
3551 4141 49
5146 5117 162
419 4993 44
2750 4993 44
2601 5189 70
5332 2584 85
4029 2073 113
1303 5117 162
745 7211 168
2119 4253 160
4808 4807 49
4904 5892 72
69 4993 44
2551 6460 79
185 2243 66
2083 2723 56
2519 5117 162
7077 5189 120
1999 4253 160
5011 3839 170
4956 4993 44
2740 3839 170
4248 4993 44
3757 5189 34
1605 2573 160
1639 5117 162
5986 3123 19
6312 3839 170
3827 5189 144
3585 4993 44
299 2066 105
2588 3839 170
2641 4253 160
2368 5189 70
1844 4807 49
1376 2066 161
6731 5189 34
6151 5117 162
1297 4253 160
3383 2573 160
5765 5189 120
3959 4178 85
3794 5117 162
6160 1289 126
4761 4579 163
2150 3839 170
7141 4837 166
6651 5189 120
2856 5189 70
3111 5634 79
756 2804 166
5830 5189 120
3445 2727 162
6425 3701 203
4627 2103 16
4341 4253 160
2726 5189 70
3631 2825 113
3725 1836 87
424 4993 44
6856 6398 109
5196 1836 87
2201 7531 163
4162 4417 91
1026 1184 49
278 6368 15
4586 1029 20
6437 6398 109
5582 1940 161
166 4253 160
3783 4291 105
666 4253 160
7222 2165 113
5633 3839 170
4462 3701 203
3345 5117 162
873 2160 91
6836 6398 109
6713 4253 160
2842 4253 160
2452 5117 162
746 4807 49
649 2106 85
4074 4253 160
576 4993 44
7182 2804 166
4331 6703 163
3710 5117 162
1953 4993 44
1082 4993 44
1260 4956 147
1991 5576 162
2669 2593 72
2784 4080 49
2779 4253 160
4973 555 72
6157 1836 87
3598 3122 162
1054 4536 163
850 3839 170
489 1836 87
6164 7446 163
4148 4993 44
3765 4088 72
7176 1836 87
4843 3701 203
6211 5117 162
2972 4993 44
1301 3839 170
3477 2453 183
5923 2072 113
4520 3701 203
3921 5189 70
88 6580 166
1336 1289 126
531 6368 15
2711 5189 115
2038 6630 126
4085 2126 79
2031 4695 71
7442 4182 19
3266 4345 162
899 4993 44
5709 5994 166
346 1836 87
1971 3839 170
547 5548 155
3792 6368 15
5048 4253 160
4025 4253 160
4025 3839 170
357 3839 170
4183 1836 87
5655 5117 162
5307 1836 87
1987 3839 170
5570 5646 168
5365 3859 91
2794 4993 44
2292 3242 145
980 5189 120
2097 6398 109
3401 4088 72
6432 3701 203
3422 4480 71
3116 3839 170
3848 3830 112
4604 4253 160
5868 6398 109
5542 3165 163
2051 4993 44
4546 4993 44
5961 2072 113
5464 1836 87
978 5189 120
2876 7513 163
6152 2122 162
5505 6398 109
2294 6075 84
4682 5189 70
6 4993 44
3540 4253 160
5384 748 170
4402 3720 163
1630 5540 171
4300 2511 80
3263 5189 70
4336 2165 113
1948 3839 170
1189 4796 100
3121 6368 15
834 5524 166
2231 5189 70
4467 5117 162
147 5576 162
2468 1836 87
7090 6302 162
569 5591 191
4737 2072 113
3512 3123 162
7273 6427 107
3574 6368 15
1792 4993 44
1359 4141 49
4601 3839 170
7346 4993 44
227 5189 34
4034 4310 149
2954 7450 72
6278 6053 72
1923 5591 191
1070 2122 162
3667 1763 69
986 5892 163
2868 2066 59
7220 4993 44
2201 5767 168
7057 2030 113
1259 3242 145
1280 5117 162
6270 5524 166
7290 2072 113
1100 4253 160
4957 1638 85
1765 5189 70
1105 4993 44
5053 3839 170
1689 4279 166
1144 4993 44
3616 5885 72
5840 4796 67
216 7392 96
4550 6580 166
6189 5302 71
4956 2181 113
716 3882 72
3890 1836 87
5673 4253 160
2410 4993 44
125 6398 109
841 4993 44
7419 6398 109
676 2072 113
2303 7252 163
1950 1836 87
2852 4253 160
5369 3839 170
2035 4549 72
3778 3839 170
4480 5591 191
2269 3839 170
2874 2976 166
5428 4279 166
753 2455 38
7192 2166 113
6475 1836 87
6760 5117 162
1307 4253 160
6212 4253 160
715 3839 170
2418 5189 70
880 3242 145
3849 1227 163
106 3839 170
3130 5189 70
4986 2066 161
6541 5934 19
2216 4993 44
362 4253 160
1744 4993 44
2136 5591 198
5722 4235 74
2585 2455 38
1933 1836 87
3923 5718 76
3527 2573 160
5938 4993 44
5470 4600 66
4483 2103 16
6054 621 79
3632 6178 71
1935 2593 163
1975 1415 49
6413 3958 162
2226 2677 162
2709 2825 113
7096 2072 113
1240 4253 160
5375 5117 162
7057 5189 120
3385 3839 170
6979 5117 162
2773 3242 145
2044 6630 126
496 2122 72
5582 6580 166
5504 3839 170
684 5117 162
3188 566 49
11 2165 113
127 2072 113
4935 3701 203
5557 3701 203
2567 5524 166
4274 4796 162
3163 4440 112
2020 3839 170
3375 3839 170
1619 4253 160
4450 1184 49
3024 4751 168
5299 4993 44
6101 5189 70
853 4276 163
652 3839 170
7410 4993 44
6067 4993 44
1604 4253 160
6485 1836 87
6165 5117 162
2002 4796 162
6156 5189 120
2956 5189 70
1470 3123 162
3867 4440 162
5549 3102 69
6975 2072 113
2436 3839 170
4062 2804 166
5667 2072 113
636 6580 166
933 2066 161
7258 4993 44
4031 4993 44
4628 4993 44
3667 5189 70
4822 4253 160
2158 1184 49
5797 1836 87
4372 4253 160
3008 5583 75
6013 3839 170
3869 2453 183
28 3745 85
3029 5646 168
6217 4993 44
5227 5117 19
6138 2122 162
4645 4993 44
2235 5591 191
5454 5189 34
784 5117 162
2281 7271 72
4251 4141 49
4237 1853 163
6783 1836 87
5932 5591 191
744 2573 160
920 3839 170
3422 5550 84
39 1836 87
5989 6398 109
1782 4993 44
4977 5117 162
5542 7222 155
1000 2181 113
6608 5189 70
3217 2066 161
5529 5189 70
3393 3123 162
3675 5189 70
1326 2573 160
2303 4253 160
2532 6921 171
4006 4993 44
4286 5189 70
6078 6398 109
4569 4993 44
4723 1777 80
2018 4080 49
6618 6398 109
6043 4050 159
6665 2072 113
6396 6398 109
3598 7130 125
4603 5117 162
7364 2990 161
7078 6398 109
3257 2573 160
2084 4993 44
2315 5117 162
7345 5117 162
363 7271 72
101 6398 109
2793 5903 155
2356 3729 49
6803 6398 109
2526 4253 160
1227 3123 19
4374 2103 16
783 1836 87
6012 5189 34
1607 5579 163
1650 5189 70
1650 2586 71
1873 3839 170
227 2573 160
5559 4342 105
1373 5678 162
6815 6398 109
7046 4993 44
4261 6425 89
743 748 170
273 4993 44
6935 5189 120
5787 3139 162
5143 5524 166
3008 5189 70
403 4480 71
7428 4993 44
5901 4154 85
2376 1836 87
7261 6398 109
6664 6398 109
6099 5189 120
7360 6398 109
857 4080 49
7196 4993 44
607 3242 145
487 4253 160
3346 3913 168
1175 2453 183
1157 1184 49
4251 6707 147
6023 6248 113
782 5117 162
1996 4993 44
704 3839 170
234 5117 162
1163 5117 148
2875 4253 160
212 2181 113
2058 3242 145
6836 6836 107
1183 5117 162
4944 4993 44
3436 1836 87
7393 6398 109
4816 1836 87
3045 2453 183
2777 1088 61
1932 2573 160
4052 3839 170
5211 1836 87
5495 4253 160
7028 2564 159
3816 5858 159
499 4796 33
213 2573 160
3195 2453 183
1156 5117 162
3765 5189 70
2809 3701 203
4694 3839 170
6053 6398 109
501 1604 63
1015 3839 170
3795 5117 162
203 3839 170
4949 5138 149
3824 4253 160
2891 2593 163
3335 2122 162
569 3839 170
2613 6398 109
740 5117 162
1129 12 163
5412 2677 162
164 2453 183
6992 5189 70
4414 1289 126
5347 5117 162
2674 5583 75
5892 6398 109
6735 4253 160
5550 4253 160
3326 3839 170
5375 4253 160
1130 4253 160
2635 2453 183
1206 4440 162
4403 4253 160
6753 4088 72
2267 4993 44
6808 6398 109
1608 4796 162
7266 4993 44
2880 5117 162
1773 3839 170
6699 6614 107
824 5698 147
5726 6398 109
2657 4253 160
6514 4235 74
5932 3839 170
4201 5117 162
622 3242 145
6496 4048 14
2866 3123 162
2931 3005 159
151 6398 109
1657 2804 166
4775 2453 183
3324 4253 160
990 4253 160
5364 5395 74
6605 1836 87
5666 5189 34
3239 7284 163
4617 3839 170
4653 4993 44
3598 5189 34
6302 2181 113
5827 4253 160
6817 2165 113
6588 5189 120
4707 1756 84
6851 5189 120
3379 3839 170
2526 2066 161
4844 4993 44
2961 1836 87
2447 4253 160
4400 7106 163
4714 4253 160
5478 6580 166
3568 4253 160
1560 5189 70
6919 1836 87
1190 5583 75
5376 4253 160
3622 5591 191
7159 2573 160
1259 1184 49
2561 4080 49
403 4698 75
1982 748 170
144 4698 75
4202 4480 71
6511 5189 120
1132 5189 70
6980 5189 120
6275 3839 170
5971 1836 87
5678 2103 16
1918 2804 166
1835 748 170
1436 460 183
5388 5189 70
400 5117 162
5526 3839 170
1457 5117 162
