5240
4956 4102 187
2122 6737 111
1931 3586 60
4733 4888 77
4711 1843 175
662 2190 140
4604 2516 164
4574 747 180
6560 1754 137
6560 3783 137
4855 4279 119
4307 4796 88
7453 961 50
5226 5156 3
337 753 7
212 3642 152
2496 3632 3
4199 6514 60
4661 134 111
6820 667 165
6608 4012 11
5939 4847 3
1687 3135 60
7104 2568 3
4437 349 60
2452 6921 165
643 2016 6
643 4250 6
2516 1410 119
5081 4293 3
6312 3682 175
1173 6671 139
151 6577 24
4619 2532 81
1480 4802 152
1251 6228 6
6643 6587 110
1995 5856 81
1995 4453 88
623 4627 142
623 1382 142
6244 734 3
6244 6500 3
229 1003 50
1262 4160 50
2593 6507 111
6766 2086 165
6287 6558 139
7118 2796 78
1110 4802 152
6605 4291 78
5852 250 142
2270 5034 3
249 854 48
928 4169 60
398 5268 81
6674 4380 201
1723 2681 78
5838 4170 88
5026 2929 165
4219 1856 50
3098 3121 88
2779 613 165
1281 667 165
5544 2677 88
6225 3293 3
4293 3139 88
5317 4264 77
2531 5576 88
5609 2834 77
5609 4170 88
5356 517 4
4585 632 142
4585 4843 142
1958 2532 81
2471 4661 164
508 6484 3
7406 1066 142
4778 6425 142
368 5575 81
5910 2255 3
5910 5148 3
3022 6449 175
1606 2066 78
5225 3292 3
4721 1480 88
4200 4371 104
3897 7425 172
4012 6608 8
513 2804 119
418 456 111
1879 5780 174
6671 7406 138
4467 5855 165
1811 5251 81
3614 3642 152
3124 5777 165
2105 3126 111
5677 6147 123
2221 2499 6
138 4899 48
2528 733 3
820 5635 77
3880 3900 6
3609 1255 164
5825 4158 88
2178 5855 165
4562 5371 142
4562 4697 142
2060 7394 111
1742 3757 4
5905 1536 77
6237 2929 165
3276 6496 3
436 625 60
548 4796 65
1768 3078 77
1768 5117 88
4871 3126 88
5333 5251 81
6256 2418 60
2325 1867 3
4191 2102 50
4515 508 6
814 4516 142
4453 7338 141
5628 4170 88
4717 6425 88
626 37 60
4376 5225 6
1029 5851 111
6056 2532 165
4285 1321 81
3487 2066 78
4803 1003 50
1302 3306 50
4215 4156 53
2499 3168 3
2715 6382 35
4088 1203 119
1867 2270 10
5676 482 104
1380 1203 119
654 4511 88
4779 3408 60
7392 7212 111
1961 4102 187
298 2789 88
351 1853 164
5836 1746 10
3748 5166 165
2301 2497 122
4028 6969 111
3554 5576 88
3554 3945 88
6130 2066 78
5567 5117 65
5900 2495 6
3429 7044 165
2479 228 88
2479 6425 88
1315 2492 6
2265 6358 35
5128 6239 4
2858 2532 81
4720 6560 143
4965 4796 65
6227 4364 3
2955 1480 88
3271 4483 88
1981 5117 88
1765 6425 88
5117 1124 111
5117 992 111
2794 4203 142
2794 5678 142
2913 667 165
217 6026 6
5780 1879 179
1722 5856 81
6230 6485 3
5966 3108 6
3521 2593 164
6232 5350 3
3989 722 104
3162 7408 50
4848 2348 81
1782 4440 88
2122 3631 111
205 6302 142
2933 3741 50
1287 3740 50
1750 2086 165
5281 5122 10
3552 1864 173
2457 5893 164
5501 5540 165
5622 2460 88
2075 2958 6
4357 3272 187
6355 5685 88
1435 1144 176
2729 2928 88
3677 4973 60
350 2066 78
3375 1802 60
328 5864 165
3341 3099 77
4093 3813 50
1060 4086 164
2649 5575 81
4512 4135 77
3464 5938 111
108 537 180
3582 2086 165
6161 6624 165
5320 5339 88
3060 1667 7
6798 1191 60
2035 5639 65
5719 5251 81
2876 2006 6
2958 3293 3
812 1995 122
5819 6624 165
5724 2086 165
4255 4571 3
5852 3431 142
3062 2774 180
4974 5251 81
5430 5639 88
6213 2162 77
1376 5356 6
2542 708 3
1320 5161 60
3420 1321 81
1282 4362 7
1857 4888 77
6291 667 165
4327 5777 165
2339 2180 3
1571 2491 6
5658 4156 50
539 5576 142
4293 3339 78
5256 4379 137
3561 6576 24
414 3929 6
4380 3791 142
4008 1874 60
3777 2435 152
2418 2348 81
3137 3752 118
999 4299 78
6160 6995 165
5240 7395 77
7422 4165 200
4585 2928 142
3102 5549 8
2150 5356 6
1054 5619 6
3578 5934 65
508 5020 3
7406 2677 142
1133 6115 50
2068 4524 187
570 5540 165
2216 6624 165
4278 3599 88
5867 3442 88
161 601 6
4384 4787 77
4549 4719 188
6020 278 88
5576 482 104
6228 3696 3
4879 5166 165
6911 4859 60
2528 6979 4
34 5268 81
167 5082 6
2142 4371 104
3880 613 165
2127 2496 10
5934 693 141
3609 2500 6
3821 3440 122
3541 2086 165
5604 86 88
3493 5540 165
6614 6699 111
2549 1870 81
3611 722 104
4796 4279 119
3276 6278 3
3279 2718 88
1768 851 77
1768 4887 88
1502 1736 10
3455 2469 6
5333 632 88
3417 7228 164
4838 2066 78
3158 7054 111
5426 4483 88
3805 5083 6
2325 1769 3
369 4299 78
5090 6286 3
4717 851 77
2709 665 104
3004 4158 142
1115 2122 164
5339 2188 140
207 1003 53
4352 5402 6
5141 4516 142
4771 3099 77
2607 1119 81
1211 7436 164
6979 4073 164
2695 2532 81
1961 2520 187
2444 4787 77
7302 7301 110
6231 6555 3
865 2738 50
2267 2102 50
3567 5958 77
3141 5251 81
6227 6200 3
6227 3615 3
5458 5576 142
2677 6687 139
4258 4203 88
5047 5161 3
5047 6305 3
5117 2561 111
217 6025 6
949 3900 6
4507 667 165
5187 2478 137
5452 6656 110
3428 2551 60
4718 1053 142
4057 2023 4
4516 1103 110
4379 6560 139
4935 6678 141
6111 417 7
6272 5540 165
4409 5540 165
195 6244 6
3658 5394 3
3658 2473 3
1457 5626 164
1313 1722 60
5220 1671 81
1476 78 165
6910 6926 110
3733 4241 165
5440 2687 152
7104 6020 3
2517 2348 81
493 3137 142
4118 2066 78
5489 3838 7
6355 2677 88
5433 4915 97
3803 4384 180
6676 1662 3
2530 6624 165
1855 4453 142
4951 6194 152
170 851 77
5456 2348 81
6447 5444 176
2208 1638 7
2645 2720 60
1828 2066 78
1675 2086 165
1343 6219 6
5719 2140 77
1596 5685 88
2474 2458 4
2232 3997 3
6287 3945 118
2272 4440 88
4451 1810 187
4033 6542 88
4682 4459 78
25 6725 77
645 4899 180
360 3834 60
3967 692 141
1293 3751 50
2490 4582 3
5430 5576 88
6235 2145 165
4144 5540 165
300 4371 104
6145 4160 50
3496 3945 88
3120 3144 4
5544 2066 78
2204 575 60
4731 6725 77
4646 2133 142
999 3129 88
4761 2669 60
1740 6483 4
4351 2758 50
2786 3921 60
61 2348 81
5410 2923 50
3563 6237 4
1852 5122 10
4835 2102 50
1036 3813 50
6286 212 88
6652 6794 111
4278 4849 88
6648 2923 50
6571 5359 6
3419 1303 97
6671 2190 136
52 2189 136
4624 4277 50
364 5910 6
5770 2066 78
2533 4854 60
6544 346 60
1348 2930 99
7177 2111 165
2313 4170 88
2142 4506 139
6277 5855 165
2469 5476 3
4521 6392 152
3438 5575 81
3555 2623 3
617 3123 99
2467 1321 81
1319 6229 6
2590 6122 60
7168 2111 165
239 4796 137
3155 5934 88
765 2325 6
778 4345 142
4796 92 111
3276 7339 3
1662 5575 81
4882 7104 6
4114 5934 65
4161 4802 152
4143 1000 88
4594 3431 88
157 1180 60
2001 613 165
2443 5210 6
4631 7133 7
1591 3784 164
3913 6711 187
2968 5855 165
349 4888 77
3342 667 165
7108 2331 60
1509 3563 6
1710 5575 81
5209 1957 3
184 1404 81
5044 2808 187
4771 4135 77
4164 5855 165
2811 1869 35
3008 2994 77
3829 7011 111
2965 3793 187
5683 5166 165
654 5856 81
1736 5442 4
1961 592 188
351 5225 6
6495 5576 88
4586 1652 188
4511 2435 152
635 2162 77
2119 5358 6
6356 1502 60
948 3923 60
4798 2758 50
4151 5251 81
3626 4379 88
5111 6843 164
2677 6709 141
2677 6302 110
2163 589 6
4709 3796 142
1765 6376 88
5117 7404 111
5117 2391 111
2794 5639 142
5726 1652 188
2138 4277 50
4718 969 142
2304 743 7
274 5994 119
6089 3857 175
2465 6357 35
245 4767 60
2266 1808 3
3463 2500 6
4883 6825 111
3160 5735 165
3658 2448 3
3658 625 3
3116 5540 165
1616 747 180
6255 4827 111
2122 171 111
5755 228 88
716 4440 88
5826 2323 10
6439 3278 53
2496 4820 3
5474 3599 88
5659 5117 65
5659 4440 88
2459 2947 88
2004 4899 48
1639 2720 60
1889 5780 173
5343 3658 6
5343 5010 60
4724 1536 77
567 2474 6
2989 2362 8
632 6417 141
5417 2834 77
1749 2856 3
1749 3736 3
6260 5251 81
3135 5251 81
2636 4817 88
6306 5356 6
6710 5540 165
623 6663 142
4355 6559 139
3063 2956 122
4393 4796 65
1017 670 60
1596 228 88
5034 6725 77
2958 2123 3
2232 1958 3
2577 3168 60
5086 3728 3
5086 3786 3
6539 873 3
6539 7466 3
4033 3967 88
4831 598 50
2218 2066 78
4255 5169 3
4226 230 176
2270 147 4
3843 5685 88
687 4516 142
1957 2066 78
3734 1853 164
1109 5378 7
1109 1313 28
301 5086 6
6516 4428 77
5767 4719 188
326 5960 50
5970 4459 78
5247 812 77
5274 4483 88
5630 5678 142
3236 4158 88
3236 2947 88
4787 5403 122
2176 2086 165
6212 4130 60
6594 667 165
1414 6314 176
1489 5540 165
145 6725 77
6305 2348 81
4691 5265 60
2193 747 48
1958 5268 81
1001 529 141
1769 827 77
829 6244 6
6164 7446 164
3575 7336 141
2063 2086 165
4676 4899 48
760 2140 77
1504 1950 60
1369 2145 165
4142 4207 3
5225 2376 3
4998 3384 7
1114 1812 165
969 2189 140
2409 5619 6
708 2162 77
5677 4504 118
1584 4796 88
1230 2162 77
5976 1950 3
6243 1752 3
5902 851 77
336 1853 164
1690 4908 97
2528 3433 3
2313 5934 88
2313 2718 88
6208 6725 77
700 2086 165
4627 2435 152
3555 2458 4
4562 4200 142
1168 6141 60
481 1397 3
6510 6302 99
3272 2520 22
5559 2401 111
5407 88 28
1066 4371 104
7401 1029 110
1742 567 4
6919 5117 65
4114 2229 77
5054 6124 50
6526 6524 110
7517 2469 6
3664 6244 6
3344 2270 6
6679 3091 97
480 5678 142
4036 4086 164
2332 3615 3
544 250 142
2991 5225 6
3723 3099 77
5209 38 3
2564 4454 50
1029 4546 111
1029 7401 110
5800 4355 88
5552 2789 88
6354 1119 81
6708 4160 50
71 4236 111
1010 6172 77
1926 4160 50
3182 1074 60
2610 2348 81
3935 5855 165
4519 7044 165
5381 3460 60
5354 5576 88
1367 4907 60
2450 4459 78
3082 2066 78
4502 3287 152
6454 4899 180
298 2947 88
1309 3966 6
2421 2066 78
372 5209 6
3554 5934 88
3786 1742 10
4774 7500 60
445 5209 6
6266 508 6
3671 2348 81
6695 4534 201
2479 2066 78
76 5575 81
2425 1969 50
771 454 165
4720 6558 143
4030 4185 119
3783 3287 152
3491 4899 180
250 6674 141
1310 1221 164
3055 4511 88
4621 2490 6
2673 78 165
2677 6770 111
401 3168 122
5365 3610 88
3443 3137 142
697 2923 50
5169 1940 78
1664 4498 111
1160 2111 165
4704 4787 77
5187 3139 137
4767 5934 65
5176 2939 60
2927 3417 29
3892 5225 6
1771 5349 5
3093 2086 165
295 6392 152
3463 3949 164
2473 2527 10
4260 681 3
4883 6819 111
1332 3576 50
744 5769 60
3658 4293 3
3658 4735 3
3543 78 165
4160 2923 53
5220 1870 81
6345 1765 60
706 2677 88
951 3762 77
4841 492 50
871 946 180
5210 356 3
5866 2086 165
493 2789 142
493 5934 142
1858 2929 165
3382 3747 60
1435 5152 180
6676 32 3
2511 4192 164
5617 5856 81
2785 2593 164
6471 4446 50
4263 6725 77
5602 2111 165
1503 5268 81
2649 812 77
426 2102 50
4850 2132 30
1343 2402 6
1743 3414 4
6244 4468 4
3063 2433 122
4638 1480 88
5835 4511 88
6220 6352 3
3394 5575 81
6549 4899 180
281 4802 152
4333 2066 78
1150 1003 50
3760 2086 165
5852 3574 142
1990 4156 50
2959 4997 3
2196 5225 6
6166 3949 164
3292 2348 81
7039 7033 110
7144 4264 77
3119 5902 3
4626 4887 88
790 5735 165
601 6108 4
301 5090 6
1244 3508 50
5130 4787 77
3660 747 180
2339 2293 3
4297 3916 142
4300 5934 65
1615 5960 50
1615 4899 48
5669 3078 77
5669 973 88
4293 4516 88
4380 2881 142
1805 2366 180
1983 5575 81
4272 4899 180
4305 5284 50
1104 4256 6
6690 2489 6
2002 5901 60
4585 1480 142
1609 7122 50
1979 2056 176
4778 1085 142
4605 5327 6
2333 33 3
891 4432 77
967 613 165
4142 1397 3
5421 2947 88
5811 5251 81
2344 3555 6
556 4704 60
4739 946 180
347 4549 164
6228 5237 3
2609 2086 165
5459 6404 180
6425 2190 140
2923 4160 53
3759 1407 111
1053 6194 152
3533 2122 164
5888 1232 24
1192 6384 110
575 851 77
5476 4135 77
3276 5193 3
1093 5588 6
901 5235 6
3417 2086 165
6446 4831 176
5883 3508 50
3158 1410 119
5426 5268 81
2332 4252 3
4453 6688 141
5634 5976 6
844 3741 50
4364 1743 10
2564 2923 50
2709 4506 139
3949 5524 119
1531 3072 50
3593 5325 152
5076 5117 65
4203 6670 141
5141 2677 142
1708 2229 77
4100 2145 165
3156 4185 119
6219 7114 3
4511 722 104
3112 1480 88
3659 5855 165
4030 4596 119
5148 851 77
4415 1303 29
166 2325 6
2551 5934 65
435 2270 6
5393 2718 88
5113 6230 6
5678 693 141
2083 747 48
4123 1792 111
4709 4483 142
4534 4817 142
65 2923 50
5570 5910 6
5047 5649 3
5117 2090 111
5117 7362 111
2794 6376 142
2794 535 142
3443 1053 142
256 5225 6
4251 4160 50
2647 851 77
2179 6179 164
310 7253 164
6232 1556 3
216 4468 28
3463 5769 60
782 1853 164
3522 2366 48
5526 582 164
681 6725 77
3658 4082 3
3658 29 3
6432 2188 140
39 4796 65
5482 667 165
532 2086 165
4559 965 119
4869 6711 187
5281 2528 10
4855 2690 111
3426 4384 180
951 2994 77
3502 7152 164
2496 4854 3
7522 5741 164
5319 4135 77
2516 7287 111
5893 6577 24
1749 6785 3
1749 3309 3
1503 5575 81
1164 4952 50
7182 3880 97
4236 1652 188
3955 667 165
905 851 77
4018 1010 3
4638 3122 88
3535 5268 81
2960 5117 88
2212 1022 60
4567 1000 142
4917 5777 165
5430 4379 88
370 5251 81
1058 5325 152
450 2705 60
5001 3831 60
1107 3666 164
5970 2348 81
5970 6505 78
4297 4440 142
1099 758 7
3496 5268 81
6512 2483 10
6225 4207 3
1397 812 77
5317 4787 77
5858 4277 50
6435 7406 138
4380 4951 142
6707 4251 111
5909 195 28
999 5678 88
6263 2314 60
4305 1788 50
924 5166 165
4585 3126 142
5908 5685 88
7033 7039 110
2150 2111 165
2956 5268 81
1001 2190 140
5535 5685 137
1979 844 176
3575 5524 119
4778 1072 142
1412 6404 48
5910 6131 3
5521 5685 88
3121 2435 152
4827 2102 50
1083 6228 6
6538 2834 77
3105 3419 4
5867 6542 88
7493 4384 180
3539 4165 50
3144 3120 6
7089 2333 6
4930 4887 88
147 6219 6
3773 5325 152
5874 592 188
2891 6122 60
7133 5482 28
4696 4516 88
68 618 165
6020 5576 88
5576 6442 141
2604 5251 81
3201 5960 50
1794 5678 88
7505 2066 78
3541 5540 165
2065 3180 48
2320 5797 3
3631 554 111
5905 4459 78
2696 5268 81
5175 5780 173
6376 6376 111
6054 851 77
1546 3669 6
4227 5268 81
5426 3139 88
2325 1503 3
2964 2928 142
814 2677 142
5438 5047 6
3685 747 180
2968 2501 6
2991 6113 60
1998 1232 24
2709 2189 140
1029 4824 111
3929 3441 3
4345 3431 110
4162 4417 11
5394 3967 88
6141 5251 81
2658 6086 164
5676 6055 111
1380 6749 111
7337 2190 136
305 6921 165
5782 2140 77
6343 537 48
958 4277 50
4387 5867 60
6219 5622 3
4586 1810 187
3838 6624 165
4915 1283 97
1159 6219 10
7150 4710 6
2922 3977 142
2858 1103 88
535 4371 104
4798 153 50
6227 4717 3
2551 1245 77
833 1821 77
1143 5117 65
250 2190 140
2524 4379 142
3978 3658 6
3346 7044 165
4709 6432 142
5047 7155 3
5117 6734 111
5117 1345 111
666 613 165
2794 4453 142
3289 5678 65
1864 3933 179
4665 5677 142
2860 2495 6
6230 629 3
3357 4440 88
5639 2435 152
2057 598 50
1988 160 165
3005 961 50
1154 5226 6
2122 1188 111
2122 158 111
1333 5533 164
3848 4596 119
6140 6921 165
4315 5689 165
356 2066 78
4855 505 119
6714 6539 10
5474 1072 88
3890 2140 77
4199 2086 165
1639 2086 165
5423 2787 4
2516 7285 111
3293 2066 78
4679 5548 164
170 5251 81
6260 4888 77
1851 5856 81
270 2188 140
623 4509 142
6176 3967 88
4638 5685 88
2474 742 4
6542 6687 141
2958 5193 3
2232 4338 3
4208 250 123
2615 3366 60
4122 2929 165
2233 5268 81
2592 2111 165
2959 1231 3
3981 2495 6
5384 4287 6
4806 4446 50
687 250 142
417 3293 8
2337 6318 3
5430 5251 81
2537 2108 50
221 5082 6
5756 2959 6
2666 3366 60
2542 5281 3
2089 2066 78
6001 3272 187
1022 827 77
1099 2086 165
571 2500 6
539 3977 142
4293 2928 88
651 5402 6
4653 1588 29
414 2111 165
1489 6575 97
2150 2291 60
4650 5575 81
1001 228 123
3044 2959 6
2347 3121 88
4664 380 3
3074 2677 88
4597 1940 78
3575 1126 104
2727 2435 152
2513 317 122
2889 5678 65
1504 6228 6
4214 5855 165
5225 2856 3
3111 4799 88
6513 2386 60
4452 4211 119
6211 1853 164
1314 4361 60
2568 6331 77
4795 2005 6
362 5357 6
1095 5689 165
7464 2066 78
2105 4935 111
6205 4379 88
6461 3167 180
2454 4140 8
6243 5020 3
3108 1147 3
3398 4291 78
476 3813 50
2923 3740 53
797 3765 60
3177 3945 88
1933 6302 88
1201 6995 165
3821 1808 122
4140 2532 81
80 5981 165
4562 3599 142
4562 4203 142
227 2005 6
2549 4959 81
2994 4151 122
5429 598 50
2640 1544 35
3276 5034 3
1662 3820 77
464 4585 138
6376 2188 140
2445 78 165
5089 625 3
4031 7490 111
4815 2190 140
480 2677 142
4301 4291 78
5463 6505 78
5940 613 165
4147 1321 81
6413 5727 164
717 2086 165
4377 4457 194
4376 2281 60
1029 3716 119
273 5225 6
507 5225 6
1221 1232 24
5813 4432 77
2703 665 104
3787 4802 152
4389 6233 6
1211 3559 165
6495 4787 77
3748 7044 165
625 2232 10
2501 2386 3
5382 4796 65
3519 5449 164
4878 6252 6
385 1642 6
2479 1480 88
4798 6115 50
1212 2947 88
5458 3777 142
2524 3610 142
5971 6725 77
37 4057 10
2673 3388 97
1981 3967 88
4709 4693 142
1765 5251 81
1853 889 29
5117 596 111
5117 7220 111
4071 5985 164
6122 2066 78
4665 4453 142
341 5864 165
6230 5968 3
2993 4787 77
2939 2066 78
4192 6889 111
2304 5474 60
686 3813 50
4883 6817 111
491 3642 152
195 2110 8
3205 4525 35
5037 2229 77
179 2111 165
6125 2460 88
7344 3820 77
3771 5934 88
2736 4142 6
3552 1864 174
5501 4241 165
2496 1662 3
2862 2808 187
3890 3610 88
367 2086 165
5210 3293 3
5210 2805 3
2517 5251 81
5649 4135 77
7522 2469 6
6457 83 176
3677 5619 6
5081 2954 3
5081 625 3
2530 4832 97
1597 5226 6
5483 2066 78
5318 6725 77
5387 480 201
5320 5117 65
5320 5117 88
3744 7022 111
3744 7402 111
863 2564 111
4286 5117 88
4850 7107 97
6244 6305 3
3988 5117 88
6220 3355 3
4647 5524 119
2958 7155 3
6721 5393 60
2232 3786 3
3791 1195 152
1267 5166 165
4226 859 176
2959 3422 3
2270 5197 3
2337 7501 3
6344 1092 7
5321 6233 6
7157 4787 77
4799 2435 152
2669 4291 78
1375 5855 165
5378 3427 60
571 4362 7
3496 2348 81
6212 4674 6
2204 4130 60
77 3555 6
4380 6432 142
1874 2140 77
4305 946 48
5020 4264 77
4691 3784 164
2888 5575 81
2432 2066 78
4650 5251 81
6358 4899 180
2347 4203 88
4927 667 165
6663 3122 118
5549 827 77
4597 2957 78
327 2602 60
6191 5235 6
4605 667 165
5584 5166 165
3672 5576 65
363 4057 10
4699 5325 152
2491 3263 3
6250 4787 77
6442 2922 138
2216 7304 164
3781 722 104
5887 1565 111
6513 1765 60
5467 1265 111
5363 4192 164
3228 6822 35
3731 2162 77
7149 2102 50
6424 2111 165
2434 5357 6
2667 2015 6
7031 886 111
3868 4899 180
6243 5622 3
4343 1123 77
4627 1195 152
6015 86 88
4222 320 60
3438 4135 77
1201 2402 6
6696 3631 164
2689 6370 65
1085 2190 140
1085 3642 152
4562 2718 142
3533 5588 6
3921 4459 78
1357 5086 6
4796 496 122
4361 2066 78
5350 4342 78
634 6228 6
5492 7424 78
2696 3126 65
5513 6255 164
1101 1003 50
5334 2066 78
5426 2133 88
480 3599 142
1070 5166 165
3619 4802 152
814 3139 142
4116 2923 50
2991 315 7
4342 4799 99
1863 2417 60
6314 4671 50
5797 2066 78
2851 716 60
4203 6435 141
5394 4440 88
1010 2394 12
4771 5677 88
5975 4524 187
3743 5665 111
5475 5117 88
654 5117 65
802 4160 50
1097 1016 7
2708 3137 142
6495 5339 88
6219 7199 3
6219 5377 3
2301 4717 122
5380 4787 77
3213 2086 165
6753 1920 77
2479 3139 88
2922 6432 142
4151 4787 77
4814 6725 77
2139 5325 152
5678 6558 141
411 4135 77
3271 4158 88
4308 5251 81
3978 4142 6
6484 6220 10
4258 5251 81
5167 946 48
7207 7208 111
629 4135 77
5117 7323 111
5117 7446 111
5894 1232 24
6120 2171 111
5169 228 88
2281 5268 81
3945 228 123
6230 5549 3
6230 4814 3
4192 132 111
3797 4506 139
3907 4899 48
6232 7094 3
7222 2951 111
315 2991 7
6483 2086 165
195 3658 6
195 2110 60
3658 3786 3
6432 6417 141
366 5268 81
3116 2111 165
1669 3308 77
5482 1118 60
179 5011 7
1366 4674 6
4604 6787 9
6560 3977 137
731 5047 6
3636 2162 77
5848 6227 6
2066 6663 99
5501 5892 164
212 6671 141
4470 5855 165
1824 4787 77
4918 5685 88
7030 7002 111
7104 6318 3
4173 6941 118
5617 4440 88
3951 3506 111
6260 5268 81
3060 5793 60
3700 4958 81
4286 2162 77
561 3459 35
6244 5476 3
2876 7513 164
1124 4156 50
6287 2190 140
5490 5575 81
365 4796 65
874 2140 77
1075 3808 60
2270 1808 3
32 2162 77
7130 6713 187
7130 4524 187
3843 212 88
2560 6439 50
5149 812 77
1208 5505 164
4518 6404 48
6043 3829 164
4219 492 50
5274 2460 88
5741 3273 187
2339 355 3
3098 4959 81
6233 1231 3
6157 228 88
1805 4423 180
4008 2344 28
6214 2162 77
6305 5576 88
5242 1584 3
5242 4982 3
2956 3063 77
3800 5086 6
1705 4355 88
7078 6546 111
4597 2348 81
4778 4453 142
5910 6714 3
6377 4145 3
570 5166 165
4827 207 50
4842 4160 50
4278 4355 88
4406 946 48
1141 3741 50
2409 6157 60
5250 3126 88
4130 6725 77
4256 3422 3
2105 1378 111
3275 1979 175
5243 708 3
5576 6695 139
5796 5591 81
7177 3669 6
3688 4899 180
1117 3813 50
1933 6542 88
4486 320 8
3438 4796 88
6443 3108 6
4819 2086 165
4228 5945 6
4562 3776 142
4562 2133 142
2168 4159 50
3921 5251 81
239 2190 136
4796 4560 119
1111 3580 50
3440 5575 81
4809 6669 50
1768 5678 88
3455 1366 28
5089 3498 3
5883 4160 50
3377 6353 164
5781 3728 8
5209 5797 3
3929 2517 3
507 6228 6
5946 3959 60
3448 1283 97
2543 1870 81
2610 3945 88
4920 5540 165
305 6995 165
2376 5251 81
3899 5521 3
1479 4443 50
5834 3159 11
4014 3555 6
4097 4719 188
3952 6394 111
4133 4511 88
2392 379 35
4497 2948 29
105 1003 50
5548 5937 111
1283 4877 97
496 2834 77
251 2086 165
7203 4459 78
607 4160 50
76 5251 81
2551 4291 78
3423 2928 88
5458 2789 142
2524 969 142
3055 2066 78
4621 5855 165
3271 212 88
6273 5251 81
4258 4692 88
5117 7263 111
5117 7286 111
5117 3162 111
2794 3791 142
7342 2323 10
4960 228 88
5255 4796 142
3338 2593 88
3203 1321 81
4192 6886 111
3490 5780 174
5639 6670 141
6232 5024 3
2967 1321 81
4894 1245 77
889 882 60
7271 1652 188
4848 827 77
704 5648 7
2122 4096 111
532 4289 6
205 5639 142
3636 4787 77
6315 3287 152
1693 667 165
2875 5864 165
1534 1856 50
3890 5575 81
4576 4755 110
3657 481 6
2146 2774 48
4335 2551 60
859 4454 50
2407 2111 165
1749 355 3
6018 2066 78
647 3806 187
647 779 111
2692 4506 139
2998 5251 81
6117 7221 164
3324 5981 165
4638 2460 88
6220 5354 3
2958 6020 3
3458 5090 6
3076 4170 88
3947 4899 180
4255 6201 3
2959 7466 3
5837 4796 88
3967 694 141
3891 2604 60
1533 4160 50
1065 5621 6
4626 5576 88
6731 3157 27
801 2929 165
601 2342 4
3246 4899 180
5767 1652 188
4495 1565 176
386 7118 8
3098 969 88
3098 6425 88
4916 5677 118
3138 2348 81
6512 2247 77
4787 3076 122
6543 6542 88
4293 4453 88
4293 4462 88
2531 2789 88
4380 5676 142
3134 965 119
6712 346 60
1740 4468 4
5218 4888 77
1609 4899 48
1769 5251 81
3800 5225 6
1705 4692 88
850 7118 60
6364 4842 111
4597 711 77
327 2967 60
6187 5639 88
1073 5855 165
6572 667 165
501 4796 88
5910 5280 3
5910 4735 3
1510 3900 6
653 2086 165
410 2086 165
4707 2789 88
5867 4453 88
4040 859 176
4452 3716 119
5488 3831 122
5811 4247 78
3080 2677 65
6758 4370 77
428 6725 77
4467 454 165
6327 45 110
4169 2348 81
5213 1740 10
5930 2111 165
3241 2348 81
4714 5855 165
3003 6771 10
2127 4459 78
1013 2086 165
2467 4182 88
1613 3041 60
323 5855 165
705 5855 165
1820 4192 164
4562 1000 142
4562 276 142
4804 665 104
4086 7195 111
6501 6542 88
3154 1856 50
4455 2086 165
3774 4774 29
6573 4132 6
6573 5618 6
2847 1870 81
901 5793 60
464 2188 136
4594 2718 88
2185 2086 165
597 4428 77
6781 3676 164
6319 442 139
814 5678 142
3667 5856 81
1305 1301 28
6026 5632 3
6456 844 176
1602 5223 50
3266 7044 165
2032 2520 187
2032 1652 188
3106 3298 97
525 3683 180
4088 505 119
7337 2189 136
1367 6122 60
4024 4449 110
616 1642 6
616 5540 165
7392 3864 119
6300 1810 187
4403 6279 60
6271 1099 7
2251 2500 6
2915 2086 165
2235 2237 60
445 3398 8
6677 4297 138
1608 6490 97
1072 2189 140
5128 4879 4
785 6228 6
4720 969 142
6773 4888 77
3495 2086 165
5458 3797 142
5393 1404 81
5678 7136 111
3452 2348 81
3055 345 88
3218 2929 165
4308 2348 81
2163 2007 6
5616 3606 78
4709 3593 142
5388 2460 88
5117 7276 111
5117 802 111
5117 4824 111
5170 3683 48
3707 4888 77
908 4202 60
6197 1166 50
4379 722 104
5208 5639 142
3639 6229 6
7344 812 77
706 5685 88
5848 5918 7
5773 2162 77
5137 2339 6
1534 3306 50
5474 2460 88
1183 3966 6
7104 736 3
5343 5619 6
420 2066 50
4173 2189 140
3500 4086 111
303 454 165
7522 4085 60
5081 34 3
5081 5193 3
2433 3063 77
3583 2994 77
396 3580 50
3908 1127 60
72 2102 50
6027 2729 3
6027 1556 3
3391 3276 6
4236 592 188
6337 5960 50
6176 6725 77
6220 5670 3
1833 3813 50
2777 5225 6
4208 5576 123
6190 3580 50
7498 2460 88
2294 851 77
6539 3846 3
365 5117 65
6605 5856 81
4723 5575 81
4478 212 118
5430 6302 88
4680 3882 164
6824 6818 110
4970 2929 165
3098 2677 88
3496 6542 88
6506 5117 65
2204 5855 165
213 2218 8
5280 4482 81
2956 5575 81
5721 5939 6
4461 3949 164
2017 2086 165
6187 5678 88
4692 6417 141
259 2086 165
4313 961 50
2491 1983 3
1980 2066 78
4278 4342 78
5085 1710 3
6571 5356 6
5713 932 175
5811 5856 81
2182 647 164
2891 2506 6
7133 2086 165
4468 6318 8
2401 3273 187
3275 151 164
6020 2357 81
2121 6705 164
4092 4560 119
4092 2976 119
5576 2189 140
5576 6695 141
1607 2325 6
3669 2768 3
3796 3902 111
1629 1853 164
3782 3606 78
34 5251 81
3871 5117 88
3788 4887 88
6616 747 48
6702 4203 137
4488 613 165
2346 5678 65
4538 1437 176
6510 1000 99
2549 5251 81
3631 271 29
3611 4802 152
3155 4796 88
3155 3122 88
4796 722 104
4114 3063 77
4143 4379 88
1190 212 88
5828 2066 78
5426 6425 88
2325 6352 3
4515 5777 165
4116 5960 50
626 3185 60
1029 6642 111
2601 5117 88
1127 5117 65
5339 7151 111
5618 6281 4
4284 2513 77
5076 2460 88
2812 6677 141
2485 4256 6
5141 1000 142
5182 2435 152
5182 6560 141
4532 3420 60
5354 2066 78
5473 4256 6
5782 6311 77
3156 7063 111
2251 5226 6
2251 5209 6
5230 3437 6
6533 3273 187
5261 184 5
730 3900 6
4013 3820 77
703 4423 48
4939 207 50
385 1630 165
251 2768 60
3429 5902 60
445 667 165
1719 4787 77
758 6103 60
2858 3139 88
2353 4114 3
3423 4511 88
3491 861 176
3271 2947 65
2338 2947 88
27 4796 88
629 6725 77
401 3422 122
5117 6441 111
5365 5639 88
4870 2718 88
4870 5678 88
4049 4492 60
399 2086 165
2281 4264 77
2281 1404 81
2647 3078 77
2380 3899 6
3521 2266 6
3907 5152 48
6232 7498 3
6232 4597 3
6232 4063 3
4166 6424 29
1830 62 97
3819 5166 165
2668 6115 50
3474 3998 187
3658 496 3
3724 5251 81
3162 6115 50
2122 5050 111
1366 25 60
1538 2959 6
6125 1103 88
3920 5209 6
1074 2789 88
5542 7222 164
3517 1374 50
4540 3607 176
4817 722 104
2496 6209 3
5474 5268 81
6785 2994 77
3890 2947 88
1128 1788 50
6352 2229 77
6608 2066 78
367 5619 6
6355 4453 88
6676 37 3
1290 5540 165
5427 5855 165
1279 1853 164
2636 2460 88
7417 3167 180
1285 5855 165
1656 5223 50
5035 5575 165
3700 4345 88
2464 4384 180
6476 1853 88
623 3126 142
4850 4132 6
5012 6420 65
5335 4156 200
6244 3498 3
4700 2669 60
5648 4664 6
4176 2697 111
6220 6555 3
201 667 165
5646 558 24
5086 4847 3
5698 824 111
6539 6714 3
2270 3997 3
1625 5855 165
4891 1536 77
5430 1321 81
947 961 50
5838 3945 88
7157 4135 77
4442 1749 6
6247 6728 111
4513 2066 78
2936 1764 8
3236 2133 88
3456 5402 6
5544 2229 77
5544 2881 88
5094 4483 142
6505 2133 99
6157 5576 88
4293 3122 88
5609 2677 88
6302 5524 119
4646 5678 142
4761 3408 60
7033 6955 110
5280 5576 88
1054 5357 6
2347 3967 88
6103 2348 81
4664 2857 3
5010 2066 78
1840 7327 164
4778 6370 142
1563 747 180
6187 212 88
4692 2188 140
5910 1707 3
5910 29 3
1606 4959 81
7110 771 97
7110 454 165
235 2669 60
1083 2623 60
6575 2216 97
2321 5575 81
3746 207 50
5155 345 88
2047 5355 6
2460 6726 141
4828 1733 50
2528 847 3
3086 3089 60
34 2066 78
1117 1003 50
3555 1556 3
503 946 48
4538 1532 176
1873 6456 175
5183 5156 3
6285 3272 187
6226 2543 3
3155 3442 88
3637 5575 81
4796 5107 111
6919 3122 88
1112 5676 164
1806 946 48
6292 5436 60
3455 3929 6
6434 1003 50
6010 6124 50
4591 2086 165
2117 5226 6
2325 2261 3
2325 5968 3
4631 2086 165
2720 5251 81
5628 2140 77
3303 4135 77
5523 1119 81
2709 6071 110
1209 5357 6
5618 4239 3
4284 6172 77
4284 5856 81
1921 6331 77
5580 6577 24
4771 2947 88
4771 4345 88
403 6370 88
403 4511 88
3140 667 165
1380 4939 111
2768 3946 12
7392 4185 119
6300 3272 187
1309 2014 6
547 5735 165
730 276 164
5712 647 164
6695 4562 138
2041 2972 4
4577 537 180
3567 5251 81
4382 4959 81
3365 160 165
6227 7198 3
6227 4847 3
6293 6231 6
2524 4796 142
5678 2188 140
4123 3982 111
4534 5200 142
27 2247 77
5686 6703 111
5117 1169 111
5117 4371 104
5117 4453 118
2805 2162 77
1689 508 6
1689 6921 165
2138 153 50
4182 4220 111
6433 2190 140
5639 6392 152
2304 5225 6
310 4073 164
2839 2111 165
2792 161 7
3658 3498 3
5762 1321 81
731 5689 165
1534 6115 50
2883 2005 6
1974 946 48
734 2546 10
4392 7044 165
1326 2209 164
1936 3489 35
5081 3986 3
1734 2758 50
1149 2542 6
6471 946 48
4951 4802 152
4679 5946 28
5672 6955 111
5594 116 164
6447 4305 176
3135 5856 81
4794 3134 110
6306 5423 6
1598 3108 6
3700 6542 88
3700 4799 88
1229 959 50
4158 2189 140
5012 5678 88
1743 6270 4
6244 5905 3
2587 5359 6
5835 2162 77
5835 5678 88
6220 783 3
2593 6711 187
5646 1684 29
2958 4903 3
2958 2376 3
3791 6559 139
2879 2111 165
4969 3118 6
1431 5540 165
380 2066 78
2592 6219 6
2592 667 165
5670 2532 81
2959 7342 3
2959 5169 3
2270 7505 3
7130 3998 187
7130 592 188
2874 667 165
2514 4996 3
3843 5639 88
4806 3576 50
3967 1126 104
2337 999 3
2337 5206 3
3246 1493 35
1857 6316 77
5378 5225 6
2914 206 164
5274 6311 77
594 5994 119
5741 3806 187
7093 2152 50
1022 5251 81
1022 2506 10
6233 3303 3
5391 2947 88
3263 5856 81
2141 5575 81
3496 1000 88
5544 4264 77
213 2218 60
414 5719 60
4380 1110 142
5253 278 142
4585 5200 142
5908 5576 88
2932 4140 60
4597 3722 81
2495 4859 3
3031 4796 65
1642 385 4
967 2086 165
4707 4440 88
4063 6316 77
1507 4446 50
969 2188 140
1753 5855 165
5250 4483 88
1301 1305 28
2105 2823 111
817 5223 50
6243 783 3
7177 2086 165
3669 4143 3
1690 5855 165
4343 4888 77
820 1321 81
2159 2609 7
2469 626 4
5442 2469 6
3966 4789 3
6387 1496 111
4562 2928 142
4086 1537 119
4469 2353 6
3414 2644 60
2060 7398 111
5201 4260 10
4796 1646 111
4796 175 111
3276 5195 3
6209 969 88
4594 4158 88
6278 1536 77
2554 3813 50
2799 4802 152
1291 2229 77
2964 6287 142
1011 5355 6
4515 2111 165
4249 7044 165
1409 5284 50
1059 2111 165
4717 4158 88
1029 7227 111
273 3838 7
2352 2350 3
3343 1003 50
320 851 77
5394 4203 88
5394 1103 88
5044 3998 187
2288 2086 165
403 2677 88
3829 7013 111
1776 4160 50
4779 2086 165
3156 7062 111
5836 2066 78
1581 2738 50
3213 2929 165
5261 968 77
2803 2086 165
2255 713 77
6753 2789 88
4673 3787 99
4448 601 6
5454 5904 60
1719 2066 78
6071 4371 104
2880 667 165
5121 360 4
4814 5117 88
3626 6302 88
2290 5575 81
442 3139 137
5111 3456 7
4534 3967 142
65 4446 50
3532 851 77
4311 5576 88
4311 4516 88
5117 141 111
217 5356 6
4665 969 142
3333 6313 97
1763 3667 8
3259 3317 35
2179 5092 6
2949 601 6
2057 3549 48
255 5226 6
4883 6569 111
3819 2006 6
1850 2994 77
2252 5152 48
1313 5314 60
751 2923 50
1738 5343 4
1669 3905 77
2122 1461 111
5480 4287 6
2862 3768 119
5659 2162 77
657 7422 97
7104 6330 3
3322 5981 165
50 1536 77
488 4102 187
1790 1283 97
2070 3306 50
3853 5864 165
1749 252 3
6018 6542 88
6374 1292 111
3744 4937 111
6362 3949 164
1585 4899 48
623 3990 142
6176 4796 88
6117 6355 60
1316 5166 165
1596 5339 88
6220 6484 3
5034 2500 10
6279 2990 78
6287 3990 110
2490 1958 3
6375 5864 165
2666 2500 6
2170 3276 6
2542 4382 3
1320 5618 6
3212 4664 6
6233 2074 3
7105 4787 77
1002 6676 6
4787 2444 122
6225 1556 3
2845 3963 9
3288 4796 65
4362 571 7
4380 4511 142
6302 2677 110
4272 3522 176
5161 3099 77
5161 5268 81
3134 3864 119
1667 5588 6
638 2593 164
4585 4689 142
2432 1530 81
4109 3555 6
3451 489 60
4929 4277 50
6103 2162 77
508 2846 3
664 1853 164
5910 31 3
2844 4135 77
6849 6836 111
3752 3287 152
1588 5209 6
4440 4769 111
3111 5576 88
35 4796 88
3193 747 180
269 6670 141
6397 4160 50
4383 207 50
4383 4160 50
4439 4371 104
5367 4674 6
2105 1720 111
6020 5045 81
6020 2789 88
5468 667 165
1629 5357 6
6425 6417 141
2313 4440 88
2313 5685 88
167 1737 6
167 2009 6
167 1386 60
7142 4256 6
2546 5582 4
2157 5359 6
4228 5855 165
4562 2727 142
4562 4627 142
4562 4170 142
4562 2675 142
1151 4952 50
4885 3014 111
2640 2863 35
5496 2542 6
3007 2313 60
4796 466 111
1388 2929 165
4114 1870 81
6239 2593 164
4424 1835 11
901 5089 6
6278 4787 77
3664 508 6
3805 5548 164
480 1103 142
2325 5826 3
2332 5124 3
2964 3137 142
814 2928 142
4690 2677 118
986 6995 165
3258 2863 35
6354 6425 88
5141 4849 142
2610 5685 88
5194 2348 81
2708 5639 142
6219 6020 3
4849 4371 104
2421 5576 65
4028 7447 111
1159 4787 77
881 1162 164
2183 537 48
5108 1224 122
3846 2348 81
1700 965 119
7203 2474 10
2353 2956 3
6281 5618 6
5458 4843 142
2705 6725 77
4311 1103 88
629 2574 78
3992 5117 65
2794 4627 142
697 3740 50
4960 5117 88
4665 3945 142
5187 299 137
3945 6727 111
3945 7343 141
2132 4850 30
2371 4459 78
1519 2958 6
310 5166 165
6232 3988 3
4299 999 122
6452 857 176
2019 2959 6
5526 2958 6
6483 2958 6
2342 5864 165
3658 5529 3
3591 2020 9
4848 1530 81
1669 2546 10
1333 2086 165
3067 6995 165
4274 3631 164
4869 6713 187
706 4170 88
1417 2677 65
542 6212 11
4510 679 172
4661 3716 119
5939 5836 3
1639 5453 60
2516 6705 111
4338 2232 10
5192 2111 165
3293 1530 81
4684 236 165
4635 5284 50
5456 6425 88
3700 4355 88
2909 2395 174
3063 2272 122
7181 5855 165
511 6576 24
5835 4355 88
6220 5318 3
6220 2127 3
2958 5266 3
2577 3082 60
7190 217 11
5708 1232 24
1556 968 77
2270 6020 3
2270 7342 3
3755 2789 65
687 3599 142
2317 2889 3
5430 5934 88
5430 6432 88
5925 3847 164
301 2959 6
673 4113 164
3388 4688 97
4825 946 48
1604 501 8
3098 4167 88
291 4802 152
3231 3198 35
3236 4453 88
4198 3411 97
4782 4264 77
4782 3945 88
1224 5268 81
6302 52 141
5253 345 142
3976 1950 8
6371 4203 111
4585 4173 142
4585 3916 142
4216 4132 6
4929 3113 50
1324 3929 6
508 5394 3
2727 3287 152
2495 542 3
1181 5402 6
3031 4264 77
5910 1957 3
3612 667 165
517 5356 6
5159 2427 6
6442 2188 136
6286 2460 88
3837 2718 88
5879 6158 60
5907 3121 88
5357 3353 3
3898 6217 3
3144 2086 165
4062 667 165
4130 5856 81
5874 6576 24
1028 4948 48
7179 2066 78
4468 4997 8
6020 2677 88
2460 239 141
5576 5524 119
6243 7200 3
1810 3273 22
2528 5281 3
4913 946 180
3871 5268 81
6015 1321 81
3433 5251 81
5235 5156 3
2159 2720 60
1933 4483 88
3438 2066 78
6443 5210 6
358 4802 152
6468 2994 77
7107 5540 165
4520 4802 152
4796 1236 111
3276 6512 3
4882 5934 164
4809 4459 50
5492 2066 78
4481 2066 78
5513 6227 6
157 2086 165
4815 4690 110
814 3126 142
1029 7263 111
4029 890 29
5813 1119 81
1941 3421 7
2811 3225 35
3935 6624 165
4188 6219 6
3852 2186 50
3082 5117 65
3899 5549 3
6249 4345 88
547 4908 97
4133 345 88
2251 2506 6
3431 4345 110
4878 2086 165
3112 3126 88
3112 4379 88
2479 4796 88
4526 2593 164
2425 747 48
3423 2066 78
5458 2605 142
3371 667 165
5393 4796 65
2338 228 88
4858 4802 152
824 1003 50
2064 4483 88
1981 5117 65
3972 1940 78
4258 4453 88
1765 212 88
5117 1553 111
5117 1047 111
5117 5273 111
3443 5576 142
217 2266 6
5169 1072 88
2586 6219 6
2927 202 29
2927 6731 29
6230 5237 3
5185 2348 81
5849 5685 88
500 5166 165
2131 722 104
3702 5700 165
4728 1940 78
5692 278 142
5174 4764 48
6363 5357 6
873 2162 77
7111 2066 78
2340 2111 165
3217 2013 6
3217 7044 165
3943 6973 111
5866 7044 165
5440 4156 50
5673 2086 165
4173 6558 141
4588 3041 60
170 2677 65
396 5960 50
1597 6227 6
6609 5575 81
6609 2348 81
4294 2066 78
108 4899 180
1285 6219 6
5248 5773 3
1050 613 165
6710 2015 6
3962 2491 6
3415 2086 165
4018 3554 3
4018 3567 3
6176 5678 88
6244 1503 3
6244 5332 3
7503 1743 10
2632 2245 173
4393 3575 65
6069 558 24
766 1870 81
2660 3893 35
2272 6425 88
4969 2086 165
6539 2123 3
1075 5357 6
5680 5960 50
5491 5225 6
2337 368 3
5430 4167 88
4799 4371 104
851 35 122
5810 5641 110
2935 7228 164
7065 7064 110
3496 5339 88
4787 1159 122
4697 5270 152
1746 5143 4
5918 5848 7
5253 3121 142
6712 5910 6
6164 2086 165
45 6327 110
508 5281 3
106 2086 165
62 667 165
6572 4674 6
760 4483 88
2889 5117 65
1582 4899 180
7110 5082 6
3026 2086 165
5225 3263 3
4175 4787 77
4200 4506 139
5502 1245 77
4278 4203 88
2972 2041 6
4468 216 28
5677 691 118
3194 1864 174
5241 709 3
4828 1969 50
3152 5685 142
3782 5856 81
167 2011 6
6015 3599 88
3433 1404 81
1678 6233 6
5934 1621 123
3278 6439 53
1933 6376 88
5604 4511 88
173 6440 110
4562 6432 142
4885 6810 111
5407 2782 7
5407 2086 165
778 3797 142
6209 6376 88
4143 6425 88
2847 6725 77
4663 1232 24
4594 2460 88
3798 4899 48
7072 7074 110
5195 5122 10
3805 5359 6
2325 765 4
2443 1588 7
4515 2501 6
544 6302 142
2000 4342 78
1059 2086 165
4242 228 88
5800 4158 88
5797 4796 65
2352 6298 3
319 2929 165
1012 5166 165
5077 7309 164
4771 2066 78
3964 3934 4
6141 2162 77
1708 2460 88
5143 3658 6
7331 5619 6
4188 2111 165
1380 3864 119
1380 4086 110
305 601 6
1241 667 165
1617 6995 165
4849 6559 139
3792 6442 141
105 4156 50
2501 4515 4
2470 2278 4
7121 5117 65
1120 4291 78
6267 5357 6
693 2189 136
4547 5855 165
785 4704 60
4965 2348 81
6227 1981 3
5458 228 142
384 3806 187
5393 6432 88
5307 1321 81
5678 3642 152
5678 5270 152
5620 6230 6
3055 3122 88
3218 2145 165
4258 2718 88
5117 1405 111
5117 6184 111
6490 667 165
2794 2134 142
5726 3273 187
4665 4516 142
3707 2162 77
2993 6725 77
1317 589 6
230 2403 50
4883 6818 111
794 6771 10
5762 2066 78
3766 2500 6
4754 3074 60
2122 5663 111
1553 3741 50
4287 1633 3
3771 5117 65
5281 2527 10
2503 847 3
4855 6838 111
2496 7143 3
5474 3945 88
2293 1119 81
5440 4445 50
2517 1940 78
493 2675 142
1532 3740 50
7508 2789 88
6185 6954 111
3500 3743 111
4667 3122 88
877 2086 165
6676 2726 3
6676 5234 3
2729 6425 88
5081 5826 3
6709 623 201
3293 4959 81
60 4148 6
2433 3099 77
5556 1139 111
2692 6392 152
4247 6319 99
2998 2066 78
1598 2528 6
3700 2348 81
3700 4291 78
5561 2162 77
4508 3287 152
905 5117 88
5657 2528 6
2587 6228 6
2958 5474 3
2958 5277 3
5156 5575 81
3076 3139 88
2337 3292 3
5430 3122 88
2784 946 48
326 2758 50
4297 4453 142
131 2266 6
6225 781 3
6225 7199 3
3756 764 110
3825 5855 165
4293 228 88
4697 6392 152
4979 2145 165
5918 4278 60
5161 4959 81
6160 2010 6
4305 6789 50
916 5659 60
6305 2947 88
5280 6542 88
5441 2677 164
5218 2994 77
2382 4335 9
2063 4232 60
6187 2718 88
1452 3813 50
1504 1950 8
2491 1190 3
5421 86 88
1398 6630 134
5879 2086 165
3753 1245 77
3600 1279 30
7089 4732 6
2344 4008 28
6397 1246 50
5420 2460 88
4549 4524 187
2447 5855 165
5722 3339 78
1794 851 77
1129 3900 6
6582 1797 111
4343 4787 77
5252 4277 50
6127 5540 165
1933 5339 88
2120 3112 60
3555 350 3
6702 269 137
1300 6624 165
4796 5364 122
3276 6773 3
1111 3813 50
3440 2133 88
3526 3559 165
4871 3121 88
5057 948 29
4732 3353 3
2260 5117 88
4261 2348 81
5523 2460 88
5800 3139 88
5083 5039 3
4060 2923 50
2543 711 77
4978 2086 165
1941 1831 164
2032 4719 188
3008 3308 77
403 3121 88
4088 965 119
1006 2336 60
3946 2768 12
654 3945 88
2450 4849 88
1266 1630 165
351 4838 8
6495 2928 88
5836 3442 88
6500 5117 65
4511 3272 187
3838 5489 7
3554 5575 81
2369 2066 78
2501 5148 3
6130 2140 77
496 4796 65
1089 2325 6
5018 4263 60
684 2841 6
5458 3123 142
2290 6331 77
2290 5268 81
6688 4585 201
2064 2460 88
2670 6227 6
5570 5358 6
5117 4383 111
2794 3752 142
4870 1321 81
1428 5934 142
4960 3741 77
5639 5339 123
7143 5268 81
2057 5284 50
6272 5125 164
3819 5864 165
4409 5414 9
195 6233 6
1782 1000 88
3706 2348 81
7114 4291 78
4661 6854 111
5214 4870 60
5440 1467 50
3321 2145 165
4634 1263 4
4357 4719 188
4193 4093 176
1695 5856 81
6676 1957 3
5058 2348 81
5081 5332 3
5081 2338 3
1855 2460 142
3408 2348 81
4679 3438 60
1501 3580 50
3744 3364 111
1995 2994 77
5625 5548 164
6360 2111 165
6717 4384 180
228 1001 123
4700 6228 6
1861 4277 50
6220 2543 3
1804 4156 50
2593 6550 111
5034 3821 77
6287 4699 110
918 2593 164
6190 4277 50
2272 4158 88
5086 2376 3
1267 667 165
365 4264 77
4255 5404 3
2959 5971 3
4478 2591 111
5869 4277 50
2833 5210 6
5033 2268 7
3891 760 60
2620 5780 174
3292 5251 81
4626 5268 81
2596 951 60
5405 5934 65
4144 5855 165
3110 2929 165
345 2435 152
2339 3807 3
3098 1940 78
4575 4391 60
5630 2718 142
4198 2111 165
6225 5826 3
6543 2881 88
6157 2789 88
1397 4264 77
805 4160 50
2531 2162 77
4976 6032 164
4646 5677 142
3777 2124 152
999 6370 88
2002 6026 6
4585 6432 142
4657 5656 12
33 5856 81
5910 3292 3
5910 34 3
3672 6311 77
936 1245 77
428 4440 88
1131 4277 50
6397 961 50
4930 2348 81
6671 2964 138
5338 2881 88
1811 1119 81
31 4135 77
1744 2957 78
5358 3207 4
7340 747 48
1422 874 60
3608 2435 152
6228 5840 3
4073 558 24
5235 5266 3
4341 6224 6
1933 5575 81
795 5540 165
4562 4498 142
2590 1228 9
3611 6194 152
3546 2332 6
7401 7210 111
778 4453 142
4796 1450 111
6919 4787 77
436 667 165
1336 2013 6
4594 2789 88
4683 4627 88
4170 722 104
3344 2501 6
4953 2435 152
2820 3220 10
883 4156 50
5090 1711 4
5800 3967 88
6537 5934 88
2076 747 48
184 5261 5
3343 4899 48
5588 3375 4
1323 2086 165
3043 4899 180
5946 6227 6
1942 4796 142
5394 632 88
4771 1000 88
4771 5685 88
1303 5864 165
1211 1853 164
1982 5225 6
5475 2928 65
654 2677 88
2695 851 77
1946 878 50
4202 2229 77
4195 1169 176
6219 2441 3
3736 1728 10
2651 667 165
4695 5105 164
2429 5855 165
3682 964 176
2725 4103 50
5454 245 7
5013 2270 10
1349 4150 6
6227 1291 3
709 4170 88
5458 3608 142
4598 4796 65
2524 3129 142
3055 4170 88
3271 2140 77
6688 5691 201
2677 6688 139
2064 5856 81
784 6225 6
5117 7244 111
5117 1757 111
5117 7349 111
5117 1165 111
5117 7241 111
2268 5939 6
1296 2111 165
2586 2145 165
2304 1769 8
2304 1769 60
204 4241 165
255 4142 6
5208 228 142
3005 3813 50
39 3122 65
366 5251 81
7271 558 24
3591 5855 165
1076 161 7
2122 2211 111
2122 109 111
3629 2994 77
4287 363 3
1647 5152 48
6439 3740 53
3757 6219 6
939 4150 6
3890 4959 81
3890 4483 88
2459 2460 88
3133 2405 119
5210 4724 3
3321 3141 60
4335 2086 165
1858 3533 7
4724 3967 88
6457 4440 176
2410 6227 6
6527 982 111
2148 5855 165
151 3272 187
2636 2718 88
2603 5575 81
2645 735 7
3492 3865 111
5561 6539 10
1727 2086 165
5093 442 143
228 4532 29
6244 6506 3
2426 2086 165
2660 2818 35
4033 4158 88
4033 2066 78
7499 2066 78
1061 454 165
2592 5855 165
4255 398 3
645 4384 180
4291 1027 99
5430 4299 78
6213 4135 77
1376 7152 164
5378 5689 165
6475 1536 77
2751 6101 60
3263 5251 81
4747 2385 172
4375 2333 6
4380 1053 142
5260 5855 165
999 5934 88
880 6124 50
1783 2111 165
244 5855 165
1054 1853 164
4881 5524 119
3074 1000 88
508 252 3
6187 5268 81
2856 1746 10
5910 4513 3
4699 722 104
2844 1536 77
1976 2489 6
5521 5117 88
6727 4899 48
3592 2066 78
5085 5394 3
1141 946 48
1424 1853 164
5467 6180 111
3419 6995 165
4903 5856 81
2891 2481 60
6228 355 3
2609 5150 60
89 2086 165
3796 5325 152
4913 1345 176
4149 2066 78
1678 3276 6
175 4165 50
3555 4582 3
3821 2441 122
1085 665 104
4086 1380 110
3493 5864 165
5095 5576 142
7257 5874 110
584 2086 165
3155 1480 88
1066 1053 110
4796 6591 111
4796 1699 111
3276 1801 3
3279 4849 88
352 5117 65
2225 3871 60
3095 2282 60
5883 2102 50
3344 2111 165
2545 1154 4
4755 4576 110
4015 2086 165
2325 5195 3
3460 4888 77
2443 2415 27
369 2994 77
5523 4440 88
2564 1003 50
5800 5685 88
5332 2348 81
3216 2108 50
4466 5777 165
5076 5117 88
3122 2190 140
2499 5871 3
525 2774 180
5475 4291 78
5206 4428 77
1736 314 4
4502 2435 152
2928 3642 152
3899 354 3
3986 4959 81
6219 4597 3
4511 5270 152
625 1245 77
496 2066 78
2479 3121 88
2479 2947 88
2858 5575 81
948 5225 6
2417 5678 65
5121 195 4
166 2566 7
5150 2348 81
3626 3126 88
5458 2731 142
4957 5251 81
5393 3599 88
2955 2881 88
2524 6287 142
5678 529 141
4709 4689 142
27 4170 88
4258 5339 88
5117 1986 111
5117 1602 111
2748 702 60
2794 2131 142
5641 5810 110
3443 4158 142
1144 6115 50
217 4257 6
1722 4264 77
3767 2506 6
297 3772 60
253 4432 77
253 4787 77
3490 4899 180
5966 5492 60
6232 7155 3
1317 7304 164
195 5355 6
5220 1530 81
39 2066 78
2946 3437 6
1161 632 99
532 340 7
6672 5458 138
4733 711 77
2503 1190 3
2503 5204 3
3190 5626 164
6315 5325 152
800 5856 81
4568 5700 81
4540 747 180
3881 4160 50
5474 3121 88
3890 345 88
5659 5117 88
2883 2016 6
7111 2162 77
4661 135 111
5210 2293 3
493 5685 142
3500 3826 111
2729 1000 88
746 4384 48
6021 4241 165
488 3793 187
2989 3353 8
1149 2593 164
2148 2232 6
2208 2111 165
285 3642 152
1656 2738 50
6535 613 165
4355 6678 141
2035 1123 77
3063 3771 122
3063 3707 122
2474 6217 3
1580 2500 6
5151 667 165
380 4333 12
5852 5339 142
1694 4264 77
2270 5476 3
3046 6128 9
7130 1652 188
360 4145 60
4277 2102 53
301 5225 6
3601 5856 81
4327 5294 164
340 5225 6
3854 1124 176
1638 2208 7
3098 4938 78
6323 6685 111
5094 6302 142
4973 1321 81
6157 3139 88
539 2789 142
6236 667 165
1418 747 48
3359 2066 78
4293 3121 88
4782 5200 88
3561 887 24
2869 2111 165
5253 1000 142
4585 4439 142
5242 2299 3
3195 2774 180
6048 4622 60
1757 747 48
1275 1467 50
1705 3122 88
1979 6404 180
3074 4483 88
508 3535 3
4854 5251 81
4148 2857 3
1412 4277 50
2944 667 165
4699 2435 152
4699 6678 141
5225 7155 3
5267 2929 165
4671 2316 122
6286 1103 88
4659 2929 165
6420 482 104
5867 1520 81
6211 2086 165
2972 5166 165
2344 2491 6
3419 5070 97
4844 6505 50
1541 3120 6
589 1310 4
6243 5281 3
6243 3292 3
3796 442 139
6425 6671 141
2497 2301 77
3871 5856 81
4363 508 6
5252 5960 50
5235 31 3
4341 5855 165
3438 3967 88
5062 1444 142
5604 5576 88
323 454 165
4804 6417 141
4086 6531 111
3493 2014 6
1300 2086 165
1416 3683 48
778 4817 142
4796 3642 152
6919 4440 88
3276 2218 3
5492 6725 77
6209 3122 88
4143 1404 81
1094 4278 60
1190 2677 88
4582 2348 81
2332 403 3
6558 4720 201
6240 667 165
4261 5856 81
6735 6624 165
2996 78 165
4138 1864 174
4273 5981 165
1347 454 165
5077 7250 164
5975 6711 187
2715 6625 35
6495 6542 88
6219 4202 3
4028 4211 119
1283 3631 164
4939 7407 50
2501 5793 3
5720 4063 122
3112 6370 88
1120 6418 77
5766 4440 88
948 5076 60
357 3675 60
5732 3676 164
5458 212 142
5458 4460 142
5458 4858 142
250 6678 141
1310 589 6
2677 7147 111
3772 1321 81
4123 5579 111
4534 4516 142
4258 2789 88
1765 969 88
5117 6262 111
5117 869 111
2999 4524 187
4870 1536 77
3707 2789 88
1722 5700 81
2555 4363 7
6433 2189 140
3123 2190 140
6997 2189 136
5639 722 104
659 1345 176
6232 6500 3
5840 5575 81
4299 3354 122
5526 667 165
4462 6558 141
3658 5354 3
2295 7104 6
3206 5117 88
704 2439 6
1782 5678 88
2122 6689 111
1521 2066 78
6880 6042 110
2736 2086 165
5226 816 3
212 4796 123
3890 4170 88
6820 2111 165
4385 2325 6
6355 4817 88
3500 1700 111
877 5225 6
6676 1851 3
3171 3436 60
5081 3111 3
5081 816 3
3853 5166 165
2129 946 48
1597 5686 164
4635 598 50
2852 252 8
3744 1410 119
1995 4796 88
623 3982 142
623 1762 142
3063 5010 122
6220 6506 3
6766 2593 164
4851 5076 60
5646 6713 187
2272 2066 78
3804 5855 165
1431 5166 165
6386 667 165
2270 1765 3
928 2086 165
6674 4380 138
2170 6219 6
1107 548 60
5008 1404 81
5274 4796 88
3098 4483 88
3098 1642 10
6233 2432 3
2523 4539 175
3263 2066 78
4787 3850 122
2614 5117 65
2383 2978 35
4782 2958 10
5609 5678 88
5253 5677 142
261 5152 48
5535 2188 136
5771 5575 81
5814 5960 50
2347 2834 77
922 5934 88
4778 1000 142
4692 2435 152
760 3606 78
3130 3099 77
4790 2245 173
7345 3978 7
2844 5268 81
5267 2086 165
2491 5476 3
4175 2677 65
6920 3945 88
3111 4483 88
6571 2331 60
6284 454 165
936 2162 77
4740 1566 176
6671 2964 201
5983 6725 77
4169 5856 81
4130 2066 78
5200 2189 140
1187 3117 50
2453 5639 142
2734 2514 6
6020 4627 88
4092 1238 111
2153 2102 50
3512 5855 165
3871 5117 65
4714 4168 97
2469 7465 3
5534 7391 164
2157 454 165
5825 5576 88
3493 2009 6
1196 5357 6
3154 1003 50
2412 2593 164
6226 4227 3
1653 3631 164
6919 1853 88
548 6505 78
1253 1430 111
2847 2532 81
4686 2503 6
3798 207 50
1372 613 165
5828 5251 81
6446 6397 176
2332 5330 3
6553 6550 111
786 5835 60
104 7392 164
7108 5855 165
4345 5934 123
2589 3031 60
3216 5205 48
2499 6305 3
3743 4185 119
2610 6725 77
322 6624 165
4038 2086 165
7397 4165 50
1367 2832 60
2450 3599 88
2502 320 3
5206 2994 77
7392 1410 119
1961 6713 187
6509 5371 99
6495 4170 88
1309 2266 6
4028 7448 111
4133 2947 88
3676 7368 111
4013 4796 65
879 3821 77
745 1853 164
4673 2478 99
5582 2528 6
445 3398 60
6266 2469 6
1427 5689 165
7154 2066 78
4151 2994 77
709 2230 77
5458 1444 142
5458 6319 142
5458 3787 142
5678 4869 111
3055 4345 88
3271 2677 88
3978 5357 6
3888 6624 165
5117 7243 111
5117 7289 111
3443 1382 142
1428 3967 142
876 5893 164
1144 2186 50
2555 3570 6
3892 5855 165
3123 2926 111
4192 7528 111
3259 3316 35
5849 212 88
6232 6563 3
6631 667 165
2404 4384 48
2266 5968 3
1169 3508 50
6771 399 4
6737 1271 111
234 2469 6
2122 1448 111
5595 2066 78
5531 4264 77
2503 6298 3
2503 5388 3
4307 6376 88
5226 1190 3
1789 2718 88
2496 5206 3
1183 3455 28
1824 1536 77
2004 3306 50
2729 5339 88
2729 2677 88
841 747 48
1936 2358 35
2516 3115 111
1790 3631 164
3227 7425 35
3583 5117 65
6027 681 3
3391 508 6
5320 5268 81
4419 1788 50
623 5678 142
1596 4158 88
3354 4787 77
3924 5047 6
4969 5138 164
5364 4796 65
5156 4787 77
1556 1119 81
2514 1984 3
4806 6294 50
4291 281 99
2337 2386 3
6701 5092 6
1723 4370 77
4799 6558 139
4117 6219 6
4898 1769 60
1235 5166 165
7105 7154 5
5788 6149 111
571 5910 6
5669 3945 88
3071 2111 165
4134 5251 81
1397 481 10
3825 508 6
4293 2834 77
6158 5575 81
4782 3139 88
3815 4796 65
3137 4802 152
5240 6331 77
4691 4823 60
2088 76 3
2706 5700 81
4585 4699 142
2299 2348 81
2432 5575 81
1837 4647 111
2242 1856 50
508 7499 3
2639 5676 99
4694 5533 164
2258 667 165
891 6542 88
1439 2041 6
1606 2348 81
5521 5934 88
5521 4170 88
5713 932 172
5357 5021 3
4556 1853 164
2245 2752 179
6397 2687 152
3746 2102 50
2783 2086 165
4696 3126 88
5213 1321 81
2105 3122 111
3608 4506 139
2047 2086 165
1584 2460 88
1068 454 165
3108 6018 3
1938 3293 60
1562 454 165
6556 3122 88
3179 2834 77
2142 3287 152
6955 7033 110
1678 6219 6
5934 4345 123
3438 3121 88
3831 5268 81
2157 5235 6
1907 4384 180
5604 2066 78
2963 2521 97
4562 1027 142
3759 3791 110
481 3657 4
2391 4384 48
3631 7003 111
1300 6022 164
1357 454 165
3279 3575 88
1190 6370 88
5333 2460 88
4686 1941 7
5426 2789 88
5426 2928 88
2325 5637 3
2964 5934 142
2964 6433 142
814 212 142
814 5339 142
5940 5540 165
4453 2189 140
4453 6435 141
5090 1505 3
743 2304 7
4717 3122 88
5209 3263 3
5339 6710 29
4345 1273 111
3607 5284 50
3743 5547 111
5419 2111 165
403 1072 88
1358 3751 50
1961 4524 187
4027 3716 119
6219 6150 3
4133 6425 88
3676 4211 119
3112 5677 88
5504 6624 165
7121 4796 65
2922 3967 142
3351 3555 6
1427 7412 164
4655 2929 165
6071 6672 141
5766 2460 88
2858 4483 88
4904 5268 81
4151 2348 81
4982 5117 88
5458 1058 142
435 6219 6
442 4567 138
6688 2189 136
2064 5268 81
4258 3967 88
4311 1000 88
5047 6758 3
5322 667 165
401 6992 122
5117 1779 111
2999 6711 187
334 5976 6
1144 3751 50
168 6995 165
5187 5639 137
4251 1003 50
3357 1000 88
5849 5339 88
295 4506 139
2266 7502 3
2266 5169 3
4150 4756 3
5234 5639 88
6272 3629 60
2668 2102 50
2081 2742 48
1278 4165 50
706 5117 88
5226 5206 3
4540 859 176
1789 5576 88
2496 5490 3
3890 4511 88
5031 5856 81
6355 3122 88
567 6244 6
676 1374 50
3569 3185 60
5362 4916 164
5456 4511 88
4247 5677 99
2208 4018 6
4845 2102 50
6244 5756 4
284 4506 139
735 2645 7
276 3819 29
2958 2448 3
6721 4598 60
2827 6439 50
1110 2435 152
4333 4135 77
3760 5358 6
2959 4382 3
3843 1000 88
5430 3431 88
7350 5117 99
4799 6558 141
851 4717 122
2914 2111 165
1604 709 8
5630 483 143
6145 3751 50
6145 4291 50
5391 2140 77
4782 3967 88
596 207 50
4449 4024 110
3528 5383 172
3028 859 176
3976 5779 8
5260 6219 6
4145 5268 81
2481 2532 81
2299 4787 77
1001 6688 141
6629 2325 6
7103 4787 77
4778 2928 142
33 1119 81
3130 4634 10
501 4511 88
2476 3743 164
5225 3397 3
5421 250 88
1548 2066 78
3454 1529 111
2344 667 165
2245 4790 179
1102 1808 60
4696 1480 88
4696 4692 88
4374 4371 104
1584 5575 81
1522 5540 165
2386 4796 65
2528 873 3
2336 2162 77
6425 2414 111
2253 4661 164
3916 6560 139
5252 3580 50
4217 5588 6
1250 2086 165
2469 1794 3
3438 4345 88
1613 5548 164
3527 2872 164
3493 613 165
2219 6225 6
3533 667 165
3397 6026 10
6510 3916 99
1192 5325 152
2320 1224 3
3631 3273 187
3631 4774 29
3155 3121 88
778 6370 142
6079 1108 111
6298 2352 10
2646 6107 60
5476 6244 10
3276 6125 3
3276 7112 3
2616 2102 50
4161 5270 152
4683 2451 81
5089 6209 3
5513 2002 7
2799 722 104
2325 6506 3
6697 2923 50
2332 999 3
4717 2460 88
3949 7457 111
1115 3658 6
6354 4887 88
2877 1853 164
3223 5855 165
4693 300 110
3216 946 48
3743 1410 119
403 4516 88
7337 4208 137
4583 6382 175
654 1480 88
654 228 88
802 6124 50
2502 1852 3
2444 3820 77
5871 5122 10
351 2623 60
2424 1246 50
2279 3985 77
4133 4692 88
777 5548 164
5904 3122 65
220 1853 164
3736 1739 10
4720 4440 142
4720 5182 142
5121 7107 4
5121 2878 4
6227 4814 3
684 2695 60
6293 2111 165
4982 4440 88
4982 2718 88
1055 2774 48
3772 2532 81
1981 4687 88
7161 5166 165
4709 4161 142
4334 6995 165
1951 2718 88
5047 3293 3
2878 1749 6
5117 2101 111
5117 7429 111
5117 824 111
5117 1144 111
5117 995 111
2794 2692 142
3289 2348 81
3443 3977 142
3338 6425 88
4718 1103 142
5639 6677 141
3005 1856 50
2266 5006 3
195 5225 6
2394 1010 12
2946 2325 6
4332 5621 6
3850 5700 81
1154 3658 6
4956 4719 188
2122 872 111
1521 2247 77
6125 250 88
6595 5855 165
4869 4524 187
6877 6882 110
6560 3611 137
4855 6829 111
3790 2435 152
5392 2094 78
1789 6425 88
5474 969 88
5052 6995 165
3708 5934 65
4661 6860 111
1687 2086 165
7104 1828 3
6941 4173 118
6676 3263 3
5058 4787 77
5081 5400 3
6200 5615 12
5417 4299 78
170 2348 81
4512 4264 77
3991 665 104
2636 2947 88
5084 667 165
3700 3139 88
6476 2789 88
4018 1827 3
6721 2086 165
2232 5228 3
2272 2677 88
2294 2451 81
5852 2789 142
2270 36 3
3755 2066 78
3046 3353 122
4974 2532 81
2337 2846 3
2490 403 3
5211 4888 77
851 1768 122
3420 1530 81
3420 2066 78
2518 4633 6
1337 5268 81
268 1003 50
345 442 139
3601 3339 78
3694 537 180
291 2189 140
4787 2291 122
6212 5404 60
2343 5777 165
4380 4453 142
4008 4142 6
4008 4289 6
999 3442 88
4702 667 165
6712 5689 165
2088 3263 3
5632 851 77
5280 5575 81
1837 4349 111
2312 2366 180
4597 2066 78
7418 859 176
3765 5575 81
2521 5540 165
2495 3498 3
97 6357 35
2333 2540 3
891 1119 81
1674 2086 165
259 575 60
5050 6767 111
6286 1085 88
5671 1593 172
4707 2066 78
6254 2140 77
6538 749 77
2436 1712 165
5330 4459 78
2506 5793 3
4930 3122 88
31 5575 81
4468 6244 6
4439 2189 140
1301 5166 165
1422 3882 164
5677 1754 118
3581 4788 60
1230 4787 77
2604 2348 81
6265 3937 119
438 667 165
3177 3631 88
5235 3632 3
3880 222 97
4887 2190 140
4601 1985 7
3555 5204 3
6702 4439 137
3966 3441 3
4538 861 176
2848 4264 77
2399 1812 165
3276 629 3
3440 1072 88
4114 2348 81
1984 1119 81
6209 4345 88
4143 3126 88
5333 4799 88
4683 1480 88
2545 2423 4
2507 6995 165
2325 3498 3
2820 5122 10
814 632 142
544 2789 142
4257 4227 3
2278 6244 6
2278 2111 165
3303 2834 77
5209 363 3
4242 4440 88
3949 5913 111
962 2102 50
3929 4283 3
6537 3945 88
5552 3122 88
3487 2923 77
3392 7342 60
5394 6542 88
5593 6710 29
2715 6339 35
2965 3273 187
7337 4355 137
5473 2418 60
654 4796 88
2695 4135 77
169 4787 77
5691 6560 143
1961 2808 187
6219 3292 3
6219 6278 3
1220 880 111
3838 273 7
5712 5981 165
6753 2460 88
1761 2086 165
4876 2086 165
3351 1191 60
1315 5864 165
2858 3121 88
3002 5939 6
166 2492 6
6227 5492 3
6281 2542 6
5458 6071 142
2524 3990 142
442 5093 138
3271 4170 88
6688 623 138
2677 4796 123
4709 4699 142
4258 4345 88
1951 4787 77
3209 4148 6
5117 6593 111
5117 7311 111
2794 1033 142
4870 2677 88
3443 6560 143
3945 482 104
3892 2593 164
3357 4796 88
3357 3945 88
2276 250 123
6089 3857 172
4209 601 6
2967 2066 78
6529 6520 110
3658 50 3
3658 6267 4
2213 1662 60
3470 2958 6
2122 5067 111
2122 6988 111
4559 6867 111
716 4511 88
6560 5182 137
2552 6035 164
7466 2266 10
5501 5855 165
2942 3642 152
3708 4787 77
6261 1119 81
4918 4787 77
3133 7347 111
7104 4930 3
4335 2382 9
6941 482 104
6676 3637 3
2989 5907 8
6471 3813 50
3583 5117 88
5456 6542 88
7169 2929 165
742 5855 165
1675 2929 165
623 6384 142
228 4460 110
6244 5024 3
6244 829 4
2126 6229 6
3988 4115 77
1124 537 48
3354 2247 77
2593 1303 29
2593 6551 111
2958 4582 3
5397 2066 78
6784 6470 110
2270 4101 3
5384 5089 6
7144 4796 65
4354 4135 77
2170 667 165
1991 2279 60
4811 5575 81
6731 454 165
2349 5117 65
4758 2066 78
5391 4345 88
4787 1662 122
3071 6219 6
1808 1000 88
4910 5524 119
4134 2140 77
1728 6271 4
2531 2718 88
2180 3820 77
4380 6542 142
6330 1742 10
3528 5383 175
4008 2593 164
4421 6331 77
6371 6433 111
4212 2086 165
2481 4459 78
6882 132 111
1705 4627 88
3074 4958 81
508 4597 3
508 6919 3
7406 5674 142
7406 2947 142
5410 946 48
3765 3339 78
1377 4899 180
1228 2503 6
2856 2348 81
2333 317 3
2870 912 35
4142 2531 3
6920 4170 88
1823 5854 60
5421 3967 88
593 1166 50
4278 6542 88
2291 1739 10
5488 3263 122
3823 1119 81
147 508 6
1301 5092 6
5770 6302 88
2105 970 111
6205 2140 77
6205 3129 88
6205 250 88
2460 694 141
1348 1001 99
5576 1076 29
2604 1321 81
6228 5400 3
6228 2787 4
3277 2395 174
3796 6672 141
4933 5855 165
4521 5325 152
3438 4787 77
3438 4849 88
6443 2266 6
1085 2435 152
702 2066 78
4086 7383 111
6501 3122 88
3921 5575 81
1066 6194 152
1066 5325 152
1560 2474 10
436 2111 165
3279 4167 88
548 2994 77
6209 5268 81
6292 2500 6
1190 6425 88
1978 2325 6
3842 4899 180
2545 707 4
2752 2245 174
1447 3599 142
1305 2010 6
1352 2086 165
4620 4904 60
2601 4457 77
1012 6995 165
2589 5359 6
4981 6404 48
2499 5400 3
5404 3126 88
7331 1120 60
4152 1630 165
1040 2086 165
2428 172 111
4100 2929 165
2965 4719 188
305 2015 6
5354 2348 81
6724 2641 97
4459 2711 99
6219 5529 3
6219 1744 3
2279 4440 88
5230 5864 165
4744 773 7
5382 1940 78
496 1119 81
3780 5890 164
2479 6542 88
1072 4506 139
868 3813 50
4808 207 50
529 2190 136
4830 5251 81
709 4440 88
5145 2140 77
3423 2947 88
7160 2758 50
2338 212 88
3832 6455 7
6273 2677 65
4258 2947 88
1951 228 88
5047 736 3
5117 7389 111
3186 537 48
4960 4345 88
1160 3276 6
5780 1889 179
3945 5270 152
6025 4960 3
6230 2255 3
4718 3970 142
4192 5134 111
3093 7044 165
274 4802 152
6232 4183 3
2266 3422 3
6262 4384 48
3870 6734 176
920 5235 6
5993 2469 6
2584 4050 9
2122 6709 139
2122 769 111
3629 4958 81
7367 538 111
3190 5225 6
706 6425 88
1417 5268 81
2066 5677 99
1534 5753 50
5474 4796 88
3890 3967 88
5340 2111 165
5939 5148 3
4667 228 88
2020 3591 9
6676 2127 3
2458 667 165
6787 6334 6
5893 1923 29
3341 3129 88
2865 685 35
5594 7044 165
3550 4241 165
6260 2140 77
72 3813 50
3991 6677 141
7182 7110 97
7417 868 176
361 5910 6
3700 3431 88
228 5325 152
4638 6542 88
6220 5332 3
6220 169 3
18 1246 50
2037 1834 50
1621 5934 123
2294 2066 78
2959 4879 4
2270 2448 3
2270 3667 3
7130 3273 187
2337 6514 3
5430 1480 88
3523 2086 165
4674 1633 3
847 4264 77
5082 5474 3
1954 865 176
5970 3339 78
1022 4135 77
3231 6590 35
4552 78 165
5391 4511 88
4787 5156 122
3498 2677 65
1003 207 53
3359 4135 77
4362 5405 8
6313 5735 165
6302 472 141
6448 1141 176
4305 4277 50
1104 454 165
930 878 50
1740 1263 4
3933 1864 174
3578 851 77
2333 5206 3
5910 6305 3
4499 3555 6
3612 2111 165
2068 3272 187
7345 4674 6
4313 3740 50
5225 2956 3
6286 4440 88
4716 2086 165
4821 3740 50
4063 2470 10
2735 3966 6
969 2435 152
708 2796 78
556 2333 6
1171 5284 50
6424 6992 60
4092 210 111
3499 3497 111
6228 5614 3
1068 7044 165
6243 1291 3
2622 946 48
4913 4899 180
2220 5166 165
167 3923 60
3241 4864 78
2581 2580 7
3433 4291 78
797 2086 165
698 2152 50
698 4384 48
3831 5488 77
5359 2589 4
3923 3821 77
4140 2092 78
4101 6725 77
3637 2451 81
5779 2066 78
3276 1669 3
3440 4158 88
5350 2066 78
1943 2492 6
2225 5204 60
1190 2947 88
6278 5575 81
7421 4384 180
1419 6789 50
5089 5971 3
5513 4113 164
4762 3276 6
2325 166 4
7507 827 77
2711 1126 104
5146 508 6
2752 2245 173
5606 4139 7
2260 5117 65
1029 7231 111
6380 2733 111
1682 2928 88
354 2066 78
1347 4256 6
4203 6709 141
5044 1652 188
2287 102 7
4571 2470 10
403 285 88
5676 4506 139
5206 2066 78
616 2325 6
3899 5969 3
6249 4787 77
5834 5251 81
6219 2255 3
6219 4997 3
6219 4252 3
635 6725 77
857 4156 50
5382 1321 81
3112 5639 88
2289 6229 10
1308 5522 164
483 4562 201
7154 7105 5
2858 2681 78
4720 3431 142
1838 667 165
1349 7393 164
166 613 165
5145 2994 77
1747 6233 6
4534 4158 142
5388 228 88
5072 2032 164
3443 4440 142
1296 5357 6
4665 4804 142
2586 3276 6
168 2086 165
5187 4692 137
4251 5960 50
407 2987 111
5059 4683 8
4718 4440 142
3930 7044 165
3616 2348 81
659 5883 176
6232 2858 3
2541 5864 165
4554 4657 12
5414 4409 9
5745 1891 172
5745 1891 175
1332 2152 50
3819 3900 6
3401 1321 81
744 5089 6
1313 4664 6
5482 4549 164
2214 2085 164
6125 2970 77
2093 3233 50
1074 3119 10
4064 1853 164
2942 4506 139
2496 2127 3
4918 5576 88
367 5086 6
5939 4082 3
2293 2348 81
493 2947 142
1758 6232 6
1338 6624 165
3500 4192 111
6457 5677 176
2458 3555 6
1739 853 4
5164 4796 65
3973 2078 111
1164 4384 48
3391 2111 165
285 722 104
2370 1593 35
3700 3945 88
6710 2086 165
2464 747 180
6476 4097 88
1585 6404 48
2474 2531 3
1580 5402 6
2005 227 4
4208 4796 123
7498 4887 88
3924 2841 6
5837 5685 88
4478 7098 111
7335 4182 99
417 6111 7
2337 5430 3
862 160 165
5276 2162 77
5082 5024 3
4402 2929 165
5970 2066 78
2935 2086 165
4916 5576 118
6233 1867 3
4787 3831 122
6225 2233 3
3221 3741 77
4293 5339 88
596 492 50
4603 4943 60
4380 2134 142
5909 5540 165
1667 3060 7
1958 713 77
781 2834 77
1054 1759 164
6772 4316 48
4929 1003 50
2382 6206 60
2084 4160 50
4800 4090 164
1576 1853 164
214 1810 187
4063 5121 10
1701 1958 3
5330 4787 77
6211 5855 165
637 4088 176
4609 5155 60
3178 5855 165
7179 3063 77
7340 6404 48
1187 1467 50
2468 1671 81
7090 2111 165
2262 1245 77
1025 4596 119
5722 4796 88
6243 4598 3
4106 78 165
3574 2188 140
3799 4554 8
1678 667 165
3177 2451 81
2467 5200 88
4584 1864 174
3273 1810 22
1085 722 104
6450 1937 176
3631 231 111
5407 3631 164
5564 5856 81
3779 4899 180
6919 2593 88
3276 40 3
3276 7501 3
6239 667 165
4476 5116 164
4871 212 88
464 2189 136
424 4883 164
6446 4093 176
5195 4787 77
4732 232 3
5386 4483 137
531 2190 140
2443 4256 6
1935 2325 6
7162 454 165
3993 5108 77
5060 4877 97
5090 3458 4
2544 4102 187
3004 4935 142
3949 965 119
5083 1958 3
773 5945 6
6390 5166 165
2352 5037 3
4285 4158 65
5847 5210 6
3487 5268 81
3487 1119 81
4210 2111 165
6562 6921 165
1221 6576 24
2623 1536 77
403 1103 88
2681 6370 99
5683 1630 165
28 2348 81
2916 2969 97
351 4838 60
3156 2804 119
5836 212 88
6271 6026 6
4849 2188 140
4849 3642 152
4511 3793 187
180 5243 6
4401 2929 165
5048 5828 8
6143 4160 50
1608 2111 165
607 2923 50
2858 4440 88
4808 3508 50
1193 2086 165
6227 3810 3
709 84 78
3626 4355 88
3159 3276 6
2290 1245 77
4621 6229 6
4411 5166 165
5968 5575 81
6318 2834 77
5686 505 119
2373 6946 111
5117 7195 111
5117 4157 111
5117 4827 111
5117 964 111
630 3753 60
3443 1480 142
1864 4138 179
2416 4320 78
2281 5374 77
2281 6505 78
5187 6487 137
6230 542 3
5639 5187 139
4516 2188 140
4554 5117 88
1830 5855 165
2668 537 48
3103 5934 65
2318 2140 77
870 1856 50
3591 2929 165
4848 2066 78
622 4899 48
532 2017 28
4733 851 77
4733 2532 81
4733 4580 78
246 2086 165
5305 5768 60
2305 2506 6
337 1512 7
6441 959 50
4661 6581 111
7145 1749 6
7104 1707 3
3321 5355 6
303 2086 165
7522 4758 60
678 2066 50
3171 3257 7
350 1736 10
643 6921 165
1739 1083 4
2148 2353 6
477 3850 60
3096 5117 88
3700 2789 88
1593 747 180
3492 4703 111
1995 4158 88
953 6219 6
2836 5251 81
7198 6227 10
6176 5682 88
228 3945 123
6244 4782 3
6244 5349 3
5835 3139 88
1596 2677 88
6276 6846 164
737 5855 165
2232 625 3
4208 239 141
5819 5726 164
4567 5117 142
6539 6506 3
5662 689 111
2233 5117 65
874 2923 77
5263 2593 164
1967 6577 24
2337 3441 3
644 1941 7
2327 2074 3
4354 4787 77
5925 2086 165
2542 7114 3
1320 5356 6
301 3135 60
652 4289 6
652 2720 60
5970 2994 77
2339 5237 3
1925 6115 50
2936 6243 6
4787 6785 122
3403 4621 4
3944 2086 165
6543 3945 88
1135 2111 165
2023 6232 6
1972 2186 50
4293 4796 88
4782 2460 88
6302 52 139
999 1480 88
999 4516 88
154 2066 78
6305 2460 88
6690 681 60
7336 2189 136
5632 2718 88
3818 5270 152
3578 4787 77
3257 3171 7
4460 228 110
7406 5576 142
5610 5856 81
6191 3108 6
2495 5124 3
2889 2317 10
2721 667 165
4200 665 104
1823 5225 6
4707 4453 88
1879 5780 173
6513 2929 165
5250 4440 88
2527 7150 4
3229 2086 165
2453 969 142
1584 4440 88
5796 1321 81
5976 5169 3
5197 4787 77
4400 5540 165
2469 3728 3
3821 7498 122
440 5674 164
5442 5939 6
1319 2006 6
4562 6303 142
6501 2789 88
4132 1010 3
481 5492 3
6370 472 141
6285 2520 187
88 5407 28
2398 1003 50
4329 6417 141
5476 1739 10
4531 2520 187
548 5856 81
4594 1000 88
3446 4185 119
1291 1739 10
104 4073 164
4756 5108 77
867 2102 50
4138 1864 173
1029 7216 111
1115 6624 165
2962 4277 50
1127 2348 81
5336 5268 165
780 6228 6
3326 5540 165
5793 4787 77
4803 3740 50
4693 5325 152
4029 1537 119
3882 4102 187
4203 4506 139
2812 6702 141
3743 7372 111
6610 6229 6
1367 6103 60
4839 3813 50
2763 4899 48
3156 1410 119
4586 2808 187
4511 6392 152
2803 2270 6
2369 3063 77
2267 6115 50
3112 2718 88
6695 4562 201
2922 6433 142
6587 6643 110
2198 3900 6
3810 5268 81
3900 4816 3
3659 2086 165
684 454 165
4982 5685 88
4814 5117 65
3626 228 88
5458 3989 142
5393 4511 88
2338 5576 88
2338 2957 78
2801 6624 165
3684 4384 180
2083 4952 50
2776 4524 187
4311 1480 88
2878 2086 165
1853 6711 187
3289 2066 78
2415 2443 27
6230 7500 3
3357 632 88
2949 2008 6
3521 5225 6
5697 6897 110
7094 6331 77
1595 5251 81
4554 5117 65
2307 5856 81
3005 4446 50
1103 2190 140
5234 3122 88
4201 6220 6
6771 180 4
4332 2086 165
1782 2928 88
4711 1843 172
5174 6294 50
6560 3916 137
5210 2127 3
7508 5117 88
6355 6425 88
5649 5183 10
2079 2086 165
5656 4657 12
5081 3203 3
1619 6624 165
1279 5855 165
5434 2929 165
1939 1246 50
3700 5200 88
623 2709 142
5444 1788 50
4850 4050 9
5012 4453 88
6542 2189 140
2593 1784 111
41 5166 165
7498 6232 10
5086 367 4
5156 2066 78
3076 4787 77
2592 508 6
4723 1119 81
5837 5856 81
1967 558 24
928 4311 60
5384 6228 6
6673 6624 165
6379 5780 174
1320 4132 6
5637 2348 81
2359 747 180
809 2086 165
5378 3427 8
2914 2353 6
4404 2969 97
555 4719 188
2339 5637 3
300 3287 152
3070 151 164
5391 5117 88
3236 3139 88
6225 784 4
3598 7130 164
1746 2304 4
4943 2066 78
4305 3072 50
5808 5575 81
2347 3339 78
61 5268 81
3074 2947 88
1444 4329 110
3257 2086 165
7406 4666 142
2333 3422 3
5910 354 3
2491 3359 3
6442 2922 201
3372 2357 81
2580 5588 6
5877 4277 50
4169 5576 65
4609 3844 7
2891 7157 60
7133 4631 7
364 5619 6
2121 6225 6
5097 7118 8
6228 1556 3
5722 2789 88
5976 6125 3
7199 5576 88
4167 6560 141
2885 2929 165
1527 2401 111
6277 2499 6
5934 3585 111
4584 1864 173
5825 4627 88
227 2041 6
1172 4291 50
1357 5225 6
4796 3023 111
2826 1340 60
3725 5251 81
1373 6393 175
1943 1478 164
5492 1321 81
6209 4355 88
4483 722 104
4483 6695 141
1502 2066 78
4330 160 165
901 5769 60
5890 1232 24
1071 5325 152
1546 2929 165
1004 2744 50
620 2162 77
5463 2677 65
3460 2834 77
5438 5618 6
2278 1701 6
844 492 50
1710 6316 77
723 2923 50
2564 2102 50
2709 6435 139
2709 6677 141
626 5008 60
6384 1192 110
2031 5934 65
2601 1119 81
5339 6709 141
5618 3353 3
1682 6302 88
4803 2923 50
296 6624 165
5975 4102 187
5143 4674 6
3749 5166 165
5691 5685 142
7066 7303 111
3986 1870 81
4459 2450 122
6219 6318 3
4497 4802 152
625 2066 78
5236 7104 6
6695 4534 138
1100 2929 165
357 1168 7
6625 4384 180
6227 5124 3
5145 2162 77
4814 5856 81
5458 3610 142
5458 4439 142
5678 4185 119
442 3123 137
2223 2366 48
5620 635 8
2338 6542 88
2338 2677 88
2776 3998 187
4534 3916 142
6971 6964 110
5039 2546 10
1765 5268 81
5117 2819 111
5117 2324 111
5117 11 111
2794 6425 142
2794 5676 142
816 5117 65
217 7190 8
3707 3122 88
2281 1321 81
4407 4241 165
3767 4885 164
3338 3122 88
4192 2405 119
5302 6219 6
2949 5166 165
6232 5034 3
245 5454 7
2266 5364 3
5234 1480 88
5234 2677 88
6272 5855 165
3819 613 165
3724 2066 78
6432 6435 141
6189 2066 78
5482 7133 28
5755 2066 78
1074 4158 88
716 3945 88
6896 6895 110
6820 78 165
2492 1315 4
5343 4633 6
348 2503 6
3341 4787 77
3126 6417 141
361 4131 60
3700 2994 77
4508 5325 152
1743 4376 4
2909 2395 173
4638 677 77
6220 1828 3
1580 5355 6
6689 946 48
282 7105 8
7190 3722 81
7190 2451 81
2218 1870 81
2959 3065 3
2270 5281 3
249 2066 50
3967 5387 141
4087 4018 6
4674 5762 3
4395 2086 165
5082 5993 4
2542 2346 3
5853 747 180
1707 5856 81
4050 4850 9
1107 550 164
3847 1410 119
2195 1718 104
5378 2331 60
2339 5031 3
1235 2006 6
3098 3126 88
3263 2352 10
2488 5083 6
3959 4959 81
4646 6287 142
3028 6441 176
3134 238 110
5909 5047 6
145 2066 78
4657 4554 12
2956 1536 77
5771 2928 88
508 3263 3
508 40 3
327 5225 6
3765 3821 77
4417 667 165
4113 2405 119
2680 3775 60
2491 428 3
6250 2718 88
4322 2111 165
4440 722 104
5303 3178 7
203 667 165
2231 184 5
2972 3900 6
269 2190 140
4169 2066 78
3746 3573 50
7088 2162 77
4439 6392 152
1301 2012 6
6205 212 88
4879 2959 6
4879 5626 164
636 6484 60
3669 5464 3
6265 3186 111
6265 7171 111
6425 6709 141
6425 6677 141
2497 5268 81
4627 4802 152
4736 1770 88
2483 3484 4
3831 5117 65
4789 6725 77
227 6995 165
6468 2162 77
1225 3278 50
6656 5452 110
3841 946 48
2814 5085 6
5201 2162 77
1653 2604 60
4563 27 60
7401 7207 111
1742 436 4
4796 4208 123
4796 1275 111
4995 5777 165
3276 4183 3
1190 2928 88
2597 537 48
4170 6672 141
3158 3216 111
2325 324 3
3619 2188 140
4249 1606 60
7162 667 165
786 5835 8
4453 2190 140
1863 5548 164
1710 5251 81
2564 2186 50
5800 3945 88
5132 667 165
3929 3455 4
694 2188 136
5552 4511 88
4285 5268 81
1240 2929 165
2966 4160 50
2589 5618 6
1942 5117 142
1941 3108 6
3607 3740 50
5404 4817 88
5404 6425 88
6979 5401 164
5475 5575 81
654 2947 88
2502 3592 3
2928 7336 139
2708 3991 142
5249 5796 3
1581 1246 50
5914 5225 6
4673 6370 99
1370 320 60
335 2929 165
758 1099 7
693 2188 136
3159 5834 8
3271 1119 81
4709 5200 142
4942 1829 50
5388 1536 77
5047 891 3
6122 5268 81
5377 6219 10
4960 4135 77
4704 4817 88
5780 1915 179
5255 3791 142
2993 3762 77
3357 4511 88
6204 749 77
6631 4018 6
2266 6355 3
4150 4537 3
3850 5575 81
