102
1067 1616 86
7652 7652 115
3873 3873 115
5444 3503 86
4215 4215 115
888 888 55
7297 7297 115
1078 1078 50
2259 2259 115
3536 3536 55
7763 7763 115
7683 7683 115
7923 7923 115
7603 7603 115
3911 3911 55
2608 6191 86
4051 4051 50
6097 4839 196
7982 7982 115
7073 7073 48
7998 7998 115
143 143 115
4658 4244 105
3672 3672 115
1835 5757 110
1858 2459 110
5242 3757 86
4122 4149 196
4051 4051 55
7952 7952 128
7800 7800 115
4244 4658 105
7744 7744 115
4447 4447 55
7798 7798 115
6082 6082 128
7976 7976 55
2465 2465 55
968 968 50
7904 7904 115
7770 7770 115
7 7 115
3513 3513 115
5822 642 110
3911 3911 50
7857 7857 115
7774 7774 115
7654 7654 115
7881 7881 115
7714 7714 115
7498 7498 48
4 4 115
7754 7754 115
961 961 115
2542 4650 110
1430 1430 50
5592 5592 115
7934 7934 115
1180 2096 86
5531 5531 115
238 513 175
1810 2719 175
4678 615 48
6262 6262 115
2719 1810 175
4650 7983 196
200 200 50
608 608 50
76 76 55
539 539 55
6121 5286 86
7295 7295 115
1377 1377 115
264 79 86
630 630 115
888 888 50
4644 4644 55
3158 257 110
7615 7615 115
7778 7778 115
5577 5577 115
555 555 50
4339 3176 86
7920 7920 115
539 539 50
7208 7208 115
4073 7053 86
85 6355 110
76 76 50
7853 7853 115
158 158 115
3536 3536 50
3234 6722 110
1430 1430 55
7723 7723 115
5740 2256 86
4656 4650 110
1247 1247 55
5906 5366 110
7586 7586 115
5765 5765 115
5568 5568 115
