506
5342 7826 7
395 4132 95
475 6039 95
7619 4568 65
5144 1395 54
482 5452 95
482 361 95
4219 2665 7
5465 371 201
494 5948 54
4405 5233 54
6916 3647 210
780 7024 54
4134 3924 166
4134 6253 166
4134 7476 166
4134 6915 166
5397 5602 99
3651 5681 165
5193 6666 95
5868 2191 54
2884 4041 210
4774 4100 54
5250 6737 54
5416 7367 113
5416 7344 113
5232 3042 215
2029 5093 57
6504 7828 95
5236 6980 95
3891 3097 97
4713 4195 54
2669 4787 54
4134 7506 166
4134 6406 166
4134 5637 166
4134 1579 166
2834 5162 7
4558 1197 54
4219 4002 7
4970 3015 97
6888 3706 186
7153 1995 54
936 5358 54
5123 5855 54
6027 1570 113
3335 52 54
395 380 95
4134 7865 166
4134 5994 166
5397 1863 99
3651 4298 165
4567 80 57
7449 6673 7
451 2168 95
4434 243 54
4602 4632 54
3453 2949 57
1536 400 54
6498 6437 97
6888 3115 186
4228 4821 215
5787 7593 7
5434 3048 54
3636 3293 7
6945 2547 95
3891 6600 97
395 2722 95
2304 4505 54
4134 4225 166
4134 7872 166
4134 5221 166
5397 3778 99
973 3675 54
3651 643 165
3651 7641 165
482 4120 95
4602 5718 54
3289 4646 85
327 2289 65
1209 2717 99
5868 2423 54
2969 1133 143
4774 3262 54
5030 5862 97
5236 3998 95
5236 1312 95
6945 6213 95
3891 5885 97
5753 2822 54
4134 7403 166
4134 4817 166
839 5818 95
6007 1822 54
3896 5681 54
4033 4658 54
3357 2424 210
4389 4841 134
3888 5623 57
5094 5302 97
5250 5022 54
5123 7049 54
5232 5169 215
3636 5740 7
6945 4493 95
475 2591 95
1876 1841 54
4134 4523 166
4134 7010 166
504 5828 54
3651 4159 165
3651 1364 165
482 3851 95
6242 6480 54
4228 3042 215
6544 2220 54
1836 5611 95
5416 7522 113
5416 7534 113
5416 7057 113
5416 7324 113
5753 1821 54
3651 245 165
2345 3465 26
5783 6941 7
2884 4480 210
6888 1035 186
1915 6947 7
5789 3286 7
3403 1863 65
5123 6700 54
5416 7290 113
5416 7546 113
4497 5161 97
5236 3989 95
970 5972 54
395 4683 95
2228 2693 54
4652 420 97
2249 2974 54
5788 5962 7
4134 7109 166
4134 6142 166
4134 6190 166
4134 449 166
5144 1781 54
3833 4267 54
2623 3366 65
6341 107 57
396 6534 95
396 4597 95
1916 3420 7
2466 425 54
4508 2374 57
128 2619 54
5416 7423 113
5416 6046 113
5416 7533 113
5427 2892 154
4134 8027 166
4134 6336 166
3651 181 165
3651 3403 165
3870 6525 95
1721 948 95
4602 4095 54
4602 5632 54
6242 173 54
1837 7384 95
620 3942 54
5123 1401 54
5416 7419 113
5416 7507 113
5416 6972 113
5416 7521 113
5232 336 215
5434 4129 54
5753 1301 54
319 5090 54
3095 4768 54
1791 3571 54
1702 6810 54
4134 4265 166
1333 1588 54
396 983 95
6769 6623 7
5148 6139 54
6771 6064 54
3131 3282 134
5250 3539 54
4908 1520 143
4444 2664 95
3335 103 54
3841 3726 54
1791 767 54
4134 6262 166
4134 6189 166
3689 4585 143
3651 1396 165
482 6212 95
5730 2129 54
680 939 54
492 3048 54
396 6791 95
1469 406 54
234 7027 54
5232 1087 215
5232 4806 215
6524 5183 7
7674 6697 16
3891 2215 57
395 6598 95
2020 3093 54
4906 6955 7
4134 7747 166
6601 3654 54
3270 6076 7
3833 2572 54
4348 6929 7
3651 3646 165
4558 1205 54
1209 4913 99
3453 875 57
6341 4553 57
5744 4941 7
5744 4479 7
4405 4131 54
5094 5013 97
638 4768 54
3131 1940 134
5416 7482 113
5416 7475 113
2983 6793 54
395 6626 95
4171 6416 54
2317 708 7
4134 1092 166
4134 2328 166
657 501 54
3111 4503 210
6551 946 85
2345 4732 26
2340 256 57
5416 7503 113
5416 6198 113
186 2720 65
5340 5487 7
7045 5400 54
1200 5499 65
2669 7078 54
4134 3988 166
4134 6874 166
3651 6932 165
3555 4237 95
1213 4279 54
5128 5855 54
2522 6205 7
1209 175 99
5527 6512 54
4970 107 57
525 263 21
1382 2437 54
7268 4984 97
5123 2423 54
2365 2749 215
1345 2629 54
5416 6017 113
5416 7318 113
5232 3030 215
5342 6957 7
4740 3227 57
2396 1298 54
721 2391 143
4936 4515 54
4134 597 166
3651 1850 165
4558 6654 54
396 6124 95
1308 7176 54
6888 3690 186
7896 3735 57
2162 4855 54
5152 1613 54
5250 6183 54
5554 4836 186
5416 6372 113
5434 478 54
6945 3834 95
5753 2477 54
4104 7574 85
3651 4938 165
6498 7825 97
559 3343 186
2340 5865 57
3655 3109 57
3655 2681 57
5113 2893 54
5236 6523 95
395 7635 95
6521 3151 57
3651 1622 165
3651 4767 165
3651 2051 165
6578 4299 95
1814 1893 54
4228 3258 215
4560 6126 95
5416 6926 113
5416 7400 113
5668 1003 54
3078 3205 95
4134 3941 166
3651 2417 165
3651 2374 165
3870 5299 95
1615 1422 54
484 2890 54
3655 6172 57
5250 964 54
5416 7312 113
5416 7303 113
4444 6280 95
5232 3024 215
5498 578 7
275 4773 54
2029 2831 57
5236 2289 95
475 1870 95
2837 4984 7
4134 6354 166
4134 6046 166
4134 1753 166
532 6277 186
482 3642 95
2090 1631 54
4333 4362 202
451 5818 95
3453 3533 57
2345 3461 26
4193 959 134
5124 6313 54
988 3533 54
1233 2207 54
1836 763 95
5232 3008 215
5232 339 215
3335 3546 54
3244 6139 210
4134 6130 166
4134 3328 166
3651 873 165
3870 6156 95
2840 3092 7
4558 7813 54
1757 4692 54
4643 4083 97
4774 6348 54
5094 4606 97
3131 5616 134
1002 3221 54
5416 7387 113
5416 6104 113
5236 6162 95
6945 5126 95
2837 5376 7
4134 2770 166
3651 626 165
3063 1128 57
4558 1630 54
4970 3349 97
587 6080 54
1837 4162 95
237 2469 54
5416 7506 113
5416 7532 113
5416 7205 113
5416 7169 113
1852 5297 95
395 3097 95
5753 51 54
811 4195 54
5788 2545 7
4134 6249 166
4134 4619 166
4134 3257 166
3651 6106 165
7449 6676 7
6750 2658 97
982 5804 54
4602 1940 54
492 4662 54
4033 2715 54
396 2219 95
396 2835 95
1155 2843 54
5117 5213 54
5250 6348 54
5416 7314 113
5232 5483 215
3651 6720 165
482 6595 95
492 4585 54
2345 5111 26
396 4246 95
396 2341 95
4193 3396 134
1915 7582 7
7968 5943 54
1075 2099 57
5416 7296 113
5416 6968 113
5457 3223 54
5232 2002 215
4188 5451 95
4450 3668 57
4219 3204 7
6498 4040 97
4228 6986 215
5123 4397 54
5416 7342 113
403 3718 54
7216 4617 54
5232 4068 215
4178 3725 54
5753 6172 54
4134 7752 166
4134 4355 166
4134 4366 166
2286 921 54
3651 7617 165
3651 3048 165
2555 7640 71
4602 2061 54
3453 4009 57
2162 4586 54
6204 5299 7
5416 7278 113
5232 3887 215
5232 4999 215
5232 4088 215
3335 5363 54
2029 1232 57
5753 2438 54
4906 7994 7
4134 4561 166
4134 7692 166
3833 4220 54
3833 5859 54
5145 4392 54
5121 3546 54
3651 2746 165
3651 6735 165
3651 4480 165
3651 1482 165
3651 7026 165
4925 634 54
608 4394 54
5008 3215 210
4558 871 54
396 3251 95
3064 6698 65
128 3315 54
5250 3184 54
5416 7340 113
5416 7494 113
5416 6920 113
5232 328 215
3335 5749 54
4535 3642 7
5753 1307 54
4134 6669 166
3502 300 7
2365 3461 215
5416 7350 113
4536 2393 54
2561 6815 54
5232 350 215
7674 3280 16
6945 6284 95
5753 4692 54
4438 35 7
4134 7689 166
4134 6011 166
4134 7995 166
3380 2892 154
5504 6632 7
5713 3081 54
2821 2516 54
7970 369 54
5123 1107 54
1836 5329 95
4444 4835 95
395 2035 95
966 3353 54
4134 5959 166
4134 5378 166
5397 7628 99
3651 709 165
1264 4159 54
1209 5028 99
4970 4768 57
4053 3396 134
4029 41 97
1077 3808 57
5416 6970 113
5232 4821 215
