2576
7961 2306 120
7340 5491 127
1081 3990 216
3080 3688 52
5032 5933 204
4849 6888 195
6626 5491 73
619 5525 77
4816 4540 168
2390 3589 153
5626 3477 88
410 835 178
2809 2306 120
515 5294 47
6686 1433 93
3959 5988 22
4119 5491 58
459 5122 52
1804 5416 170
4195 5416 170
6530 5111 36
87 5294 47
3356 7731 171
1386 2936 59
5572 4998 78
6832 2363 170
7173 5255 171
3015 4728 74
2902 5416 170
564 5491 37
28 7749 75
7210 5039 176
5735 2300 169
4335 5933 204
371 3481 170
3166 5273 82
2630 5024 76
3139 2300 169
6096 1752 74
6007 3975 59
5058 4540 168
6757 5919 78
3779 3207 66
1366 5294 47
6865 6835 116
4018 6141 79
5754 4134 178
2759 6150 171
1158 2936 59
2168 451 88
3468 2342 19
925 835 178
5300 5416 170
1326 5294 47
5007 6452 171
1333 1329 52
3675 2882 168
6861 5416 170
6126 5294 47
4159 5416 170
3849 2084 90
334 5294 47
3986 6272 171
3109 2300 169
5797 5696 77
3698 2903 171
4573 6265 171
3692 5416 170
5824 2903 198
3595 2021 87
294 4540 168
4469 6799 18
3196 2994 68
1131 5416 170
5464 5708 102
1393 2306 120
1813 4361 52
1547 5491 37
6935 4020 163
5916 2257 120
5706 3559 67
5614 4732 92
4387 5294 47
7940 6835 116
5901 5416 68
7625 2363 170
7625 3936 171
6924 5491 127
1833 4134 178
5272 5111 68
3955 5416 170
202 5491 37
4208 5491 73
6308 2300 169
6152 1852 88
592 5294 47
5562 4346 74
4547 5919 78
2004 6448 75
2927 4540 168
1998 5416 22
204 4134 178
4536 5443 17
4671 2342 19
5232 5294 47
1277 4540 168
431 4899 69
7139 6750 19
6073 4134 178
1525 7307 171
3820 2257 120
2693 4134 178
730 4998 78
468 3648 93
3261 4540 168
4263 2300 112
2974 2882 168
1711 5294 47
3313 2363 170
3807 4952 24
297 5111 170
2263 5988 68
1802 5398 88
6986 2434 120
7604 2306 120
4216 2903 176
4980 3103 171
876 4134 178
5114 3990 216
6186 2084 90
3480 2101 75
1222 5491 37
7225 2407 58
4874 5416 170
4539 3825 77
7053 1187 73
1273 2306 120
3896 5294 47
1150 5294 47
5923 5111 170
4217 2084 90
4478 5933 211
3185 3199 72
6681 4330 17
2977 2500 69
6021 465 78
5090 835 178
2745 3936 75
491 5416 170
7106 6835 116
99 4134 178
5755 5491 37
3050 2084 90
3748 4134 178
7890 5491 121
718 2882 168
6654 5416 170
7786 6835 116
7575 4134 178
3722 4540 168
1613 3135 174
4638 4637 112
4994 3161 120
4078 6799 18
6420 6835 116
6420 2306 120
7018 5199 23
7886 5122 52
7262 6835 116
1069 1081 174
1362 5176 90
7239 6835 116
2708 2936 59
719 5966 66
2436 3047 59
1049 2882 168
2088 4540 168
1492 5491 37
1831 7019 77
1817 4540 168
1384 4134 178
7504 6835 116
135 4134 178
5822 2163 112
6 2257 120
6100 328 170
5747 2903 75
813 5294 47
1067 4998 78
144 5294 47
4845 2994 68
1851 2222 171
4627 5416 170
1997 5416 170
125 2306 120
5763 5294 47
730 5491 73
1918 5491 73
387 4134 178
939 5416 170
6421 2084 90
208 5491 127
4117 5491 73
2563 2994 68
5550 1395 87
7332 2306 120
3695 2084 90
6770 3678 169
976 5196 89
114 2363 170
2626 3500 195
4734 3135 174
6772 4134 178
4980 4134 178
7183 4953 24
5216 7749 163
5987 2084 90
1995 5416 170
4489 5416 170
772 4540 168
942 3345 171
5922 2882 168
7965 2306 120
6363 6742 93
1983 5491 73
7607 1081 174
6233 2300 62
5046 6835 116
3823 5122 52
2051 4134 178
6816 3990 216
4366 2306 120
2843 4540 168
4861 5912 68
4404 6312 68
4568 4899 69
2737 3477 88
3718 6781 171
1585 2742 195
219 5416 170
4750 2434 120
5921 4540 168
407 308 82
5152 5443 17
6632 785 75
4930 5294 47
2268 4764 174
6294 5854 174
863 5880 171
6118 5294 47
5875 2882 168
3230 5294 47
3256 5294 47
1278 5359 75
4266 3990 216
5844 2434 120
3685 4134 178
403 4019 52
2620 4540 168
1614 5294 47
2833 1329 52
2133 5491 37
543 5294 47
5756 4346 74
2702 2363 170
2216 5894 155
1098 5294 47
7483 2257 120
2223 4134 178
3858 5416 170
4040 5416 68
3177 4134 178
3395 4134 178
5155 4361 52
6161 6381 75
3998 5491 73
3998 4346 74
5877 4998 78
3471 2257 120
2616 5294 47
3664 5416 170
6724 2084 90
5857 2662 82
2315 4540 168
2294 4540 168
238 4540 168
5734 5416 170
2659 3990 216
3862 4134 178
2706 4775 170
7164 5294 47
4648 2342 19
4685 5111 68
1250 1149 157
5960 2084 90
6805 5294 47
6015 4540 168
6015 4134 178
7135 5491 127
5200 5008 212
224 5294 47
6288 5416 170
1467 5416 68
7293 5491 127
5705 5294 47
3535 5912 170
5407 5294 47
1554 5294 47
5278 6060 176
3338 2363 170
4732 4599 119
2168 2084 90
1537 2936 59
4859 7934 171
5101 2882 168
1145 2307 120
989 4361 52
874 4361 52
1344 4540 168
883 5416 170
4311 3990 216
7067 4428 52
7097 6835 116
4004 1667 171
7379 5416 68
4633 4361 52
227 5294 47
3203 7860 171
2719 4695 203
7729 2411 120
1383 3113 212
4991 3990 216
3492 6621 74
2796 4250 82
4655 5491 73
4920 3135 174
1363 4134 178
381 4472 174
7062 835 178
5153 3589 153
4274 3825 77
1707 4540 168
2858 2882 168
2359 4134 178
7744 7112 114
4720 5416 170
1210 6275 163
6308 4134 178
5569 5294 47
4788 5294 47
2992 2257 120
5687 2084 90
6927 4330 17
2101 2306 120
3136 5596 87
5468 2632 74
2062 4540 168
369 4134 178
2846 5491 37
6473 6312 170
374 4540 168
6684 5294 47
791 5491 37
7812 5294 47
5042 2084 90
5413 5416 170
4571 2882 168
6382 2882 168
3243 5491 152
2071 5919 78
1742 4361 52
2747 5491 37
1072 2434 120
2032 5294 47
3445 4540 168
3680 5294 47
4979 4540 168
3801 6266 119
3010 3990 216
1423 257 155
2285 4428 52
7252 7104 114
73 5336 174
3188 4998 78
7922 6835 116
4250 4540 168
4597 6312 68
4592 2882 168
176 2084 90
1021 2178 176
1021 4134 178
4585 5294 47
18 2306 120
3476 1835 170
6589 6835 116
2333 5491 73
2939 2742 195
5458 5416 170
3014 5416 68
4564 4540 168
7100 5294 47
3854 3589 153
6954 5111 170
4859 2882 168
1226 5854 174
7184 3423 120
6384 2300 169
118 5491 37
3867 4455 171
2386 2342 19
7417 2306 120
3551 5416 170
7288 5294 47
7033 5416 170
3155 2084 90
7360 6835 116
5738 3589 153
4096 5880 171
4435 5491 73
5795 4134 178
2224 3936 75
5976 6060 89
1574 1632 171
6989 5294 47
1254 2198 82
1254 4253 79
889 5416 170
2556 4540 168
4252 5294 47
7281 2742 195
7508 5294 47
6956 5122 52
6937 5015 94
6536 5416 170
6064 7572 171
1947 82 82
1196 6799 18
47 5491 73
2856 6312 68
7621 4998 78
3384 2084 90
3665 5416 170
4635 5491 58
714 5294 47
5309 5491 73
4813 4540 168
629 3161 120
5986 2363 170
987 5294 47
2003 5111 170
1098 2306 120
4336 5416 170
3522 1273 75
1733 2300 169
48 5111 68
6370 2306 120
7850 2257 120
4612 2882 168
4047 941 98
6161 2903 75
1120 2342 19
1637 532 195
2547 5491 73
468 5491 73
4148 4540 168
185 5294 47
1871 5443 17
961 6835 116
7319 6835 116
824 4540 168
7000 2084 90
2525 3461 170
2219 2500 69
3380 2300 35
870 5491 73
3662 2300 169
986 4017 74
7841 2306 120
4856 5416 170
6546 2936 59
5693 4899 69
1201 5294 47
626 3135 174
3701 6900 82
256 2300 62
5322 3435 72
608 2504 52
722 7706 176
5804 4134 178
1385 5854 174
1907 4540 168
75 7720 163
6069 4134 178
4569 1376 75
1986 5294 47
1048 4899 69
3951 4540 168
4416 5491 73
2724 1107 82
6026 6799 18
2200 4797 88
812 5416 206
6858 4540 168
4827 2342 19
5847 2882 168
1307 4134 178
1343 7463 171
7574 2267 167
4709 4134 178
3495 5336 174
6284 4899 69
3843 5294 47
4716 5491 73
3196 5819 88
2719 4134 178
1574 4540 168
5853 5491 73
222 6480 94
3376 5294 47
5887 5294 47
2898 835 178
914 5491 37
2314 4587 169
3250 5294 47
4026 2882 168
1392 5294 47
4681 4134 178
4763 2363 170
6071 4134 178
265 2101 171
3691 4540 168
2452 5294 47
1831 7019 89
3760 4778 87
1278 5416 68
2558 5491 73
7294 5491 127
6531 6033 92
152 6835 116
4444 5294 47
3765 3461 170
1801 2685 88
11 6835 116
5568 6835 116
737 1045 82
2523 2084 90
4600 5416 170
5803 5491 37
1033 4540 168
1359 5294 47
7004 5111 170
4299 5491 73
2245 1149 171
1509 5416 170
206 5819 88
4195 4134 178
7906 5294 47
6869 2295 171
4006 5294 47
1808 5491 73
273 3990 216
3293 5294 47
1732 4540 168
5043 532 195
1936 7959 171
1465 2154 169
4181 4134 178
2555 2084 90
6096 1625 82
2252 2101 171
104 3990 216
303 835 178
6732 6799 18
7568 2306 120
6430 6027 170
7290 6835 116
6689 2084 90
6568 4134 178
5293 2994 170
7180 5294 47
4354 6027 92
2817 5416 170
3240 6027 68
5158 2300 112
6013 5228 94
3809 2300 169
1793 5491 127
5288 4540 168
4767 396 167
1603 5416 170
4636 1391 176
1174 6799 18
422 3990 216
1307 4755 169
4759 2084 90
3287 7929 75
718 7689 176
1276 1329 52
4963 5294 47
1123 5491 58
6925 2306 120
3079 5416 170
335 6480 93
1480 5416 170
4810 2154 112
4991 6799 18
2224 4330 17
7258 5491 127
6162 6459 74
2258 3477 88
1078 3589 153
3138 5416 102
4931 4540 168
1463 2300 169
2694 2300 169
4838 5416 170
703 5294 47
6632 2084 90
1789 5416 170
863 2300 62
4697 2903 171
1492 5416 170
5875 2300 169
6959 5111 70
1999 4346 74
5129 5491 73
4266 2342 19
6583 2084 90
764 4540 168
1434 7188 155
1194 4952 24
3007 4134 178
4297 3606 82
275 5294 47
5855 656 171
6468 2306 120
217 4134 178
6109 5294 47
7337 2306 120
1523 4540 168
6867 2306 120
6222 5491 37
6340 202 82
260 2882 168
2739 4406 74
5037 5294 47
3745 1996 75
5109 5294 47
5611 5416 68
5972 4134 178
6788 5416 170
1012 6480 93
5623 7034 174
3851 3936 75
7756 2257 120
7980 5294 47
3169 2994 170
5740 465 78
1631 5294 47
4687 4540 168
6228 2742 195
7211 4134 178
1202 3047 59
2326 5416 156
2800 5294 47
5008 2300 208
1027 6272 75
3404 4899 69
5036 5491 73
3559 6816 171
3970 5912 68
7577 4134 178
5635 4540 168
4395 5416 170
3503 5624 83
245 4540 168
1529 4463 170
6418 2306 120
7265 6835 116
6833 4361 52
5241 7620 89
2461 4361 52
7779 5294 47
2150 4659 52
853 1209 64
7893 5416 22
1847 4540 168
6862 2342 19
904 2084 90
3551 4540 168
7067 3047 59
3005 6801 68
4642 5294 47
7172 6835 116
4385 2537 67
6316 3801 23
7736 2411 120
5897 5491 73
8010 7706 176
1440 5111 68
4029 3990 216
2824 5294 47
1417 2882 168
1443 2300 169
6153 5294 47
4453 4540 168
7955 5491 73
5093 4153 174
3539 2101 171
6942 5919 78
2167 4134 178
4937 7749 171
4937 4540 168
1040 5294 47
6915 5294 47
2127 5491 73
4524 6995 163
7479 2257 120
4784 5492 163
7121 4540 168
431 1995 74
7875 4366 23
7892 2306 120
264 3249 94
264 2084 90
5585 5294 47
4673 4540 168
652 2300 208
4561 2434 120
3115 5854 174
5719 6027 92
5011 3742 88
4551 5491 73
7919 2257 120
3742 5915 155
5573 5294 47
5758 4361 52
2669 4428 52
2367 5294 47
5328 2084 90
429 5111 68
5144 3047 59
2219 4998 78
4291 5416 170
1205 6027 170
6711 5294 47
7870 5491 127
3346 5416 170
7507 6835 116
2555 3940 74
2016 5294 47
6742 5111 170
18 5294 47
1848 5854 174
5832 3382 67
440 2084 90
6833 628 52
205 4134 178
3600 3589 153
5412 5294 47
1522 1660 171
1482 835 178
5195 4956 176
6281 5294 47
2540 5294 47
4609 5416 170
4182 4134 178
4392 2882 168
5167 3273 74
3235 5294 47
6617 2084 90
3971 3461 170
1349 5416 170
3501 7663 75
3050 5339 87
4004 4540 168
2843 4134 178
2130 2742 195
5802 4956 163
7670 835 178
735 6026 170
3138 3990 216
7344 5491 127
3735 5416 170
7793 5294 47
351 5294 47
5935 5199 23
2557 5933 204
5710 4540 168
847 5491 37
4984 5294 47
6039 5111 68
2705 2084 90
3256 5854 174
5261 4236 132
1840 2882 168
2909 4899 69
2134 630 171
5344 5491 73
5282 6220 75
713 5491 73
1595 3161 120
2662 5416 170
4382 5294 47
2031 2084 90
2674 2084 90
5343 5946 77
5147 155 155
1988 6448 171
84 4853 155
6073 4540 168
2315 5169 170
1913 7749 75
5215 3990 216
3708 4134 178
354 5491 122
322 2342 19
1422 2300 169
4578 4771 163
6832 5854 174
1147 6946 112
2449 2903 163
6248 2936 59
114 5977 171
6603 5443 17
5560 7706 176
3976 3462 170
67 5111 170
1528 2882 168
2140 1692 155
165 2257 120
4597 2556 87
78 2882 168
4246 5491 73
4714 3381 79
722 2101 171
7517 5491 127
3585 2742 195
2253 628 52
5142 4361 52
3411 2994 68
7556 2363 170
426 4952 24
452 5294 47
7220 2882 168
1476 5491 37
3159 4428 52
2161 5416 68
3235 5416 170
3823 5491 61
2009 4134 178
5998 5294 47
3255 3990 216
1028 5416 170
5327 4134 178
4618 6334 119
6261 5294 47
2733 2882 168
5464 4540 168
3778 2908 87
7493 2306 120
7637 4134 178
3693 2882 168
7698 2411 120
2213 4134 178
3422 5491 73
1675 4540 168
7536 5416 22
3012 5294 47
2162 4428 52
5577 6835 116
7646 5294 47
1787 5294 47
3048 2300 169
863 6312 176
2705 5086 74
3706 4540 168
2909 5111 70
5299 3870 88
7443 2411 120
3026 2148 82
521 4134 178
4908 4030 41
2887 5294 47
4444 2903 158
5756 2084 90
7092 5491 127
5434 3047 59
2077 2300 169
689 5416 170
5981 5933 204
5013 2685 88
7718 2411 120
4851 1149 157
6676 4778 87
1531 7394 174
1509 5491 37
730 5294 47
926 2363 170
5331 4998 78
6836 2300 62
5889 5294 47
7047 5294 47
6919 6436 75
1494 5294 47
5328 5111 70
429 5416 68
2902 4540 168
7798 2257 120
6555 7722 171
3870 1149 157
7300 2306 120
3913 3423 120
7323 5491 127
7323 2306 120
3768 5491 73
4856 5294 47
1222 5416 170
1832 2804 83
7222 5294 47
6947 5416 68
3912 5416 170
3648 5854 174
2151 5416 68
3467 2882 168
4756 2342 19
4844 2101 75
7943 2307 120
3151 5854 174
2726 5111 170
1625 2101 171
3951 3135 174
347 5416 170
849 2257 120
2724 2632 87
989 7498 155
7960 2306 120
3308 5416 170
7030 2993 167
7465 5416 22
6284 7620 89
6872 3752 52
5287 4540 168
8010 4134 178
3863 2101 155
7948 4236 23
7006 7401 198
2148 5294 47
3045 4161 83
5819 1149 157
5689 4540 168
231 4173 120
4527 4398 88
4527 5491 73
1254 5416 68
7933 5294 47
7707 5294 47
1545 4134 178
6355 5294 47
5233 4134 178
4233 5491 73
6294 4134 178
2545 2101 75
7834 5294 47
4041 2101 176
299 541 162
4855 2882 168
2106 3990 216
6291 2306 120
3618 3279 68
2615 3477 88
3513 2306 120
6871 6799 18
259 4540 168
7241 5919 78
1119 835 178
4705 4540 168
1517 4953 24
5017 4540 168
244 5111 170
7346 5491 127
3719 4540 168
5138 5696 77
651 5416 206
676 2257 120
761 5416 156
1134 4134 178
2739 3563 94
577 5854 174
7775 6835 116
6326 2306 120
1178 5294 47
6770 2994 170
1964 5416 170
4982 2488 75
5121 2300 35
6772 4540 168
727 2882 168
3150 4540 168
5730 5294 47
6798 6835 116
2188 5416 170
7708 6835 116
2429 5416 170
934 1329 52
3806 5416 36
1213 3589 153
7638 4797 167
1996 3688 52
1932 511 89
72 5854 174
1312 5491 73
1714 5416 170
1793 2411 120
4677 5111 70
4677 2084 90
2676 4236 157
3878 5491 73
3059 5294 47
384 5459 19
3762 5111 170
2280 5854 174
138 4134 178
6688 5491 121
41 2084 90
3231 3990 216
4683 5491 73
4205 2903 75
6284 2084 90
2358 5416 170
7541 6835 116
4836 4134 178
924 4134 178
1236 2873 34
5181 2084 90
457 6315 171
4987 5416 170
2099 5294 47
5374 4540 168
5952 630 171
549 5294 47
1103 4134 178
5904 2363 170
85 2154 112
7099 5491 127
1146 5294 47
4161 4540 168
5055 4540 168
4077 5362 83
480 2994 170
6690 4540 168
93 2084 90
7192 5491 127
1063 5294 47
1921 4361 52
6308 2101 176
7639 2407 152
1624 2363 170
5981 4134 178
5532 3477 88
3821 4540 168
1033 5854 174
5013 5491 73
3061 6027 170
6372 2307 120
395 3521 34
4047 7041 174
7838 6835 116
216 6312 170
4447 5294 47
410 4134 178
3881 4007 174
1286 2882 168
2165 6621 74
728 6835 116
7095 6835 116
4117 7749 75
5289 5933 211
567 3135 174
6465 2257 120
2996 4134 178
38 2084 90
2864 4465 75
6805 1902 17
4880 2306 120
6571 5416 170
3166 5294 47
5216 3944 159
7136 5294 47
630 5294 47
5682 4540 168
7048 7706 176
6992 6184 69
3454 2742 195
4585 5336 174
2446 2873 34
4225 5491 121
960 1719 82
1150 5416 170
3204 1403 82
3366 5111 68
618 5416 170
1682 2742 195
3046 4134 178
2202 3683 87
2745 6480 93
1493 4540 168
1315 4361 52
2381 5416 206
7953 5491 73
2724 2903 75
1483 5491 37
41 5491 73
6745 5491 37
6269 5294 47
3784 2257 120
1114 4695 203
1430 5294 47
2733 5416 170
7214 7792 75
6077 2994 68
1718 2882 168
6692 2862 74
3403 2363 170
7580 5491 73
1428 4952 24
3364 5416 170
7508 2257 120
171 6835 116
2858 5491 37
6118 5276 87
983 2084 90
2452 7721 163
1224 2222 171
1127 2882 168
2753 4134 178
2384 2342 19
2319 5294 47
3665 5416 102
2004 3207 66
7636 2101 163
3023 6510 93
1952 3477 88
820 1081 174
3700 2101 89
3839 2300 169
7216 4361 52
868 4134 178
674 4134 178
1598 2882 168
2078 4134 178
660 5443 17
4604 2084 90
3835 5294 47
5071 5912 170
7231 4330 17
6683 4431 87
2575 5491 73
7877 2306 120
2020 2936 59
1997 4540 168
4127 5491 73
4307 5416 170
387 3936 171
7020 2300 208
1805 2300 169
1287 3047 59
1371 2300 169
7127 4048 198
5707 4654 87
7283 6835 116
3285 2882 168
7752 2306 120
3818 2084 90
5003 961 171
1213 1329 52
6689 4180 87
3535 4134 178
935 2936 59
5713 5294 47
3481 6799 18
1609 3589 153
668 4428 52
2511 6272 75
1476 941 98
1564 4540 168
1731 5416 170
4704 4134 178
4049 3461 119
1473 5294 47
316 5491 37
4568 5491 73
5976 6097 89
1605 5491 37
2310 5294 47
3764 4188 88
7307 2306 120
3144 6799 18
4871 2084 90
7889 6835 116
5053 7949 171
4233 4712 94
7176 835 178
7444 5491 127
5237 5416 170
1362 5491 73
7116 5491 127
6941 3936 89
6522 4134 178
2679 2084 90
3332 5416 170
5850 5416 170
6878 2367 82
978 835 178
1297 5294 47
2720 5416 68
6478 5491 127
6494 5933 204
6892 559 195
1801 3461 92
1500 5416 170
1030 2306 120
3437 5491 37
4204 5491 37
6382 2300 169
1616 2994 68
1616 482 88
7910 5294 47
289 6649 171
216 2882 168
5636 2363 170
5636 4134 178
5794 6027 170
6783 5919 78
2692 4134 178
3680 2084 90
3708 835 178
1045 5416 170
1183 2903 163
2583 2084 90
7210 5111 170
4045 3119 68
2981 4540 168
923 1209 64
2813 4134 178
1057 5294 47
4411 2178 171
1034 5973 171
1966 2882 168
6742 2363 170
4068 2342 19
7144 4540 168
4334 5416 170
139 5294 47
5749 4540 168
3289 2804 83
3392 4540 168
960 5491 73
2519 4540 168
4564 5491 37
2074 2084 90
5304 5933 204
5832 7109 75
1677 2920 88
6065 4134 178
1672 4134 178
1042 5491 37
1148 2464 155
6070 5294 47
7900 5294 47
2911 3675 93
2404 4134 178
6423 5491 127
1822 4952 24
7939 5294 47
6284 2804 83
3349 2896 93
514 2306 120
4268 5933 204
3492 5491 73
2114 5416 170
3756 5294 47
6982 3038 75
3138 5416 170
5295 2367 82
1477 4361 52
4494 6799 18
5706 2101 89
785 5294 47
1950 5596 74
3414 5416 68
3364 4755 169
5870 6835 116
5055 5889 171
4077 728 75
968 628 52
4208 2084 90
7688 5294 47
2203 5416 68
5903 4570 174
6563 5416 170
3328 3423 120
6483 5294 47
5267 2862 74
629 5111 107
4336 4134 178
7375 5294 47
4829 6799 18
235 5491 37
445 2742 195
610 835 178
1558 4134 178
7853 6835 116
5493 5416 170
1051 4134 178
5753 3521 34
7963 5416 22
2811 2084 90
907 5026 82
7427 2306 120
5011 4998 78
206 2994 68
2716 5416 170
7396 2306 120
5567 6835 116
4685 3887 68
2581 5416 170
1023 5491 37
5212 4540 168
6961 2307 120
7598 2101 171
7252 2411 120
179 4540 168
8024 2306 120
5740 2502 93
4687 3462 170
2502 541 162
2984 6396 82
7822 1257 93
7532 6835 116
4597 5491 73
2016 1187 58
1159 4134 178
3808 6452 171
1271 5933 204
4958 5491 73
3404 5111 70
2478 5294 47
3240 5416 68
5764 5759 114
5115 3990 216
4732 2342 19
2472 630 171
1437 5294 47
7837 5294 47
6301 5294 47
6068 5111 70
5953 5491 37
899 2028 163
276 3936 155
7351 6835 116
2051 2300 169
6164 5432 19
7849 6835 116
3433 2882 168
4008 5491 73
4008 5294 47
2629 2300 169
1236 4428 52
6687 2084 90
2180 7471 171
525 5294 47
7093 5491 127
6077 5276 87
7422 5491 127
7026 4134 178
4655 2101 75
6158 5111 68
5377 5416 170
2848 5748 75
7349 6835 116
1463 835 178
6853 3990 216
1143 7041 174
2021 4540 168
4063 5491 37
4984 4340 88
265 2300 169
3837 5416 170
7001 5294 47
2 2257 120
6121 5919 78
4315 3990 216
5447 6267 75
5818 3462 68
6027 3990 216
3345 6835 116
204 4540 168
5203 2101 171
4829 3990 216
3300 3675 93
3121 5416 170
2189 5854 174
1749 3113 212
7850 6835 116
5017 6986 170
909 7774 171
4062 5416 68
3471 5491 121
3471 4121 119
3613 4899 69
3215 630 171
7425 5491 127
5611 511 89
6554 2084 90
2285 3047 59
2187 2307 120
2685 2873 34
2657 2084 90
2950 7629 163
3266 2882 168
6293 5491 127
6551 6459 74
4781 5416 170
1271 7374 163
5556 4540 168
2151 2084 90
7721 6835 116
1910 2084 90
3262 5416 170
2920 2744 41
6436 2307 120
1630 4134 178
2098 2084 90
7831 7041 174
3903 5294 47
2808 5294 47
4846 5630 170
2745 2084 90
2089 4886 171
7123 6773 198
1739 3161 120
6383 5294 47
7113 6835 116
1344 7766 176
3730 3338 82
648 1045 82
7436 6835 116
1367 5416 170
6706 7683 75
4641 7302 163
6929 4330 17
1123 641 52
2059 5294 47
7026 2300 169
6455 6143 171
2258 7711 75
1807 5416 170
3181 5416 170
7400 6835 116
895 3047 59
2556 4134 178
4481 4188 88
536 5294 47
1945 6621 74
1128 2903 132
6942 5416 68
1692 1149 23
578 5111 68
4141 1577 82
5875 4587 169
3206 4778 74
421 835 178
47 4998 78
4208 1301 74
1387 6105 87
6379 2306 120
7858 5122 52
3534 6688 157
5920 4540 168
4275 656 171
6474 5294 47
259 7693 176
1227 1948 119
4758 2342 19
3178 4134 178
2351 4134 178
1189 4540 168
4791 5294 47
3982 5416 170
3642 2101 75
7282 2411 120
3 2257 120
5908 2084 90
3313 2300 169
1772 1481 171
3956 5294 47
1656 6027 92
1453 5416 170
7095 5491 127
5651 4745 171
2153 3589 153
2249 2300 35
4351 3257 176
7871 2306 120
6561 2882 168
4045 4172 75
6570 5416 170
1267 2300 208
6571 5336 174
5707 6312 68
3361 4489 87
3910 6835 116
2205 5533 82
6736 4778 74
2722 3132 66
3787 4540 168
1576 2882 168
7149 4134 178
2478 5491 73
245 5416 170
4281 2363 170
7914 2307 120
1044 5416 170
7023 2300 169
408 4134 178
1115 5416 22
7065 5491 127
7769 2306 120
1877 2084 90
1568 7629 171
5699 5186 75
1759 4428 52
2225 4134 178
3196 2084 90
3106 5294 47
4801 2084 90
6692 4188 88
936 3589 153
3812 5491 73
6190 5294 47
5595 3135 174
3557 4927 170
3024 6799 18
4481 6027 68
2694 4134 178
4369 6974 119
5074 465 78
6212 1060 82
5558 2084 90
865 2306 120
2359 2300 169
958 4428 52
7383 5294 47
2260 5294 47
2709 3589 153
6677 3468 68
1921 5294 47
215 2882 168
154 6835 116
3685 4732 170
5416 2411 120
3747 5294 47
2720 2084 90
259 1081 174
2123 6835 116
48 3461 68
5732 5416 170
6914 5294 47
2871 5294 47
7789 5294 47
4627 5491 37
1134 5491 37
1810 2882 168
4652 4134 178
926 4540 168
3881 5416 170
3303 7041 174
4590 5491 73
5651 2882 168
2075 3273 74
3386 5416 170
2893 5416 170
242 5416 170
6271 2618 87
1764 5491 73
4291 4134 178
4136 5491 73
5683 5416 170
994 4134 178
4630 2500 69
4142 2306 120
6186 5186 75
1617 5294 47
5162 5491 73
5073 4134 178
4225 5294 47
4130 4540 168
5324 1450 93
5923 4540 168
6013 5919 78
1283 2882 168
123 5294 47
6567 2101 75
6447 5294 47
2185 4428 52
4105 6097 171
7779 5416 22
6884 559 195
3164 5294 47
5847 5491 37
3844 5294 47
4768 5416 170
415 5416 68
838 5294 47
4641 5294 47
7513 6835 116
7936 7421 114
7641 5491 37
3045 4679 82
6615 2434 120
1935 2157 75
4994 3990 216
85 6951 112
380 4787 66
7614 5491 37
2250 5912 170
4370 7168 119
1421 2742 195
6332 6835 116
4681 5416 170
1857 2101 171
4313 5294 47
438 4134 178
2725 3521 34
7352 5491 127
4947 3461 22
5582 5294 47
2705 6027 68
2558 6396 82
3276 5294 47
8022 5294 47
2297 4079 74
4079 4540 168
3534 4361 52
1297 628 52
4813 5416 170
1374 6835 116
2952 2084 90
432 4540 168
5434 5416 156
4858 4091 94
6310 5416 170
5210 5294 47
2468 4540 168
4579 4134 178
5877 5294 47
2071 5491 73
4845 3273 87
5521 835 178
410 2363 170
4695 5294 47
387 5294 47
5936 141 171
1772 5854 174
297 835 178
5925 5294 47
5341 1106 82
6715 2434 120
336 4587 112
5144 2936 59
71 4134 178
1099 2306 120
35 3619 93
5740 5294 47
4723 4540 168
5156 5294 47
5560 5416 170
5140 4361 52
6207 6184 69
637 5443 17
4818 2882 168
2767 2767 107
5040 839 88
5200 6027 170
4246 2084 90
4060 3990 216
5322 5491 73
4424 2434 120
5454 4134 178
3185 5294 47
2644 511 89
5270 6385 176
2002 2342 19
5412 5819 88
4649 4134 178
3277 2809 132
5852 5294 47
5106 1045 82
1473 4134 178
2128 3273 87
5699 5111 68
4963 2411 120
4815 2300 112
4568 2903 75
4401 5416 170
4983 5362 83
2508 835 178
4993 2154 169
3595 5296 66
335 3821 79
5363 4134 178
3492 4161 83
6519 5416 170
3009 5416 170
3200 4134 178
7334 6835 116
6221 5111 170
5712 3113 212
3785 996 170
1507 4540 168
466 5416 170
6205 3936 75
4800 2342 19
815 2300 62
5226 3678 112
5250 5294 47
4984 6621 74
2778 2084 90
7856 5491 127
7223 2306 120
2373 4712 94
2209 4540 168
152 5294 47
2383 641 52
4471 6799 18
3705 5416 170
1017 4134 178
4811 5776 67
763 5491 73
2890 4540 168
4143 2307 120
420 5491 73
4903 4134 178
6222 6275 171
4869 5491 73
1378 4827 170
6476 5294 47
209 6027 68
5734 4540 168
7572 2306 120
7702 5294 47
7190 6835 116
4276 2084 90
7109 5491 127
7587 3257 75
30 5416 68
836 4361 52
6527 3465 68
3084 5416 170
5187 5416 170
886 4540 168
7283 2411 120
6395 3107 82
442 5294 47
6918 2101 75
4489 2300 169
2922 5416 68
2643 5933 211
3442 5416 170
6865 2306 120
252 4540 168
7545 2307 120
2490 5294 47
3246 3589 153
1654 486 157
7803 5294 47
5026 5416 170
1275 4361 52
6898 559 195
1544 4775 170
5018 2181 119
2361 5416 170
4218 5491 37
3176 5416 68
4160 5416 68
1256 4134 178
1242 2936 59
4207 2084 90
4642 3990 216
4826 2342 19
6044 5491 127
3109 4134 178
6726 2084 90
1520 835 178
1238 5416 170
7866 5491 127
6679 2882 168
2737 7749 75
3757 157 75
5927 5416 170
1070 4540 168
6158 3936 75
7829 2084 90
3942 2363 170
5712 7572 171
85 1539 112
4765 5111 170
3780 6799 18
5233 630 171
5074 2084 90
4272 7620 89
4140 5111 70
480 4134 178
2088 7169 176
2529 3311 174
7856 5294 47
2548 4467 88
202 5294 47
6003 4540 168
1955 5491 73
4028 1081 174
7294 2306 120
1806 5416 170
317 349 171
5311 2903 171
6241 3774 179
4471 3990 216
601 2882 168
4194 3589 153
6699 2300 169
3475 6933 93
763 2084 90
1558 835 178
3934 2084 90
5326 4134 178
7928 2306 120
3719 5491 37
4425 2882 168
1525 2882 168
5610 5491 73
7861 6835 116
5719 7074 73
70 5416 170
3895 5416 68
3862 5416 170
6285 4134 178
4919 6027 75
6155 4134 178
6978 3950 163
6919 5491 73
6265 6835 116
1068 6343 94
2657 6027 68
3018 4540 168
73 4755 169
5593 5416 170
5815 4853 171
2718 4346 74
1139 5140 167
4120 3508 74
1095 6835 116
6404 2257 120
1325 630 171
2821 5294 47
1262 628 52
5458 5336 174
6135 2084 90
1275 628 52
3284 5294 47
5241 5117 75
6363 2084 90
4458 2084 90
2179 5491 37
2707 5294 47
2831 2882 168
1342 5401 155
5330 5491 73
3823 5294 47
1115 6835 116
334 2300 169
7937 5294 47
2874 4540 168
3856 2101 171
881 4540 168
1338 3990 216
5709 1209 64
6652 1902 17
3698 5416 170
4126 1871 167
6067 5973 171
2207 6272 171
294 835 178
2608 5491 73
7999 5296 66
3863 4428 52
5442 5416 170
7670 5294 47
484 5294 47
3075 5294 47
2910 5491 73
6232 835 178
4314 2307 120
1478 5416 170
2359 4540 168
5123 5122 52
5218 6272 75
83 5294 47
2856 6900 82
3560 3103 163
223 2500 69
2319 3047 59
2815 5416 170
2720 4346 74
7544 5491 127
2223 4540 168
5313 4134 178
5263 5294 47
3065 4134 178
4532 5294 47
5012 2084 90
4047 5491 37
1851 5416 170
6172 5854 174
29 5491 73
6367 3462 22
3613 2084 90
2693 630 171
6741 4134 178
4119 5491 152
3897 5294 47
354 2300 112
2897 4134 178
2947 4540 168
3402 4899 69
412 4540 168
2650 5491 73
114 5933 204
2090 5122 52
1572 2300 169
3166 2903 75
7183 5491 37
5730 4620 157
6555 5416 170
1465 4540 168
3725 2882 168
6120 5491 127
6441 5416 170
4246 4467 88
4086 5416 170
5073 4880 171
2395 4134 178
409 4953 24
7616 5150 174
7103 5491 127
3204 5491 73
6309 5491 73
3451 5983 82
842 3135 174
4222 4455 163
4598 3465 170
3545 4540 168
6199 5491 127
3783 3051 170
4199 5491 73
6862 3990 216
4927 2342 19
904 4804 74
4474 6027 170
4636 4540 168
334 4695 203
2861 9 198
3050 5491 73
3936 3161 120
2060 4540 168
2704 4797 88
6929 5491 73
3149 4134 178
7316 6835 116
5488 5111 170
5499 2084 90
5245 3698 87
2369 5416 170
3113 5933 211
2455 8025 171
1146 1329 52
332 6799 18
4886 1149 23
6283 3461 68
6875 6835 116
5918 2154 169
6731 5491 37
202 4540 168
4074 4587 112
5165 5352 83
1384 5416 170
750 4540 168
1962 4540 168
1194 2363 170
7700 2411 120
5980 4134 178
4758 3990 216
3684 5416 170
975 2406 94
7295 6835 116
3998 6312 68
7166 4540 168
264 6559 75
2741 5416 170
833 5122 52
2693 5854 174
730 2346 88
4786 3249 93
1803 6816 170
4356 4540 168
5726 7657 87
649 5294 47
7661 3135 174
4624 7159 171
4578 4540 168
7000 5491 73
3999 5416 170
2170 5294 47
1203 5294 47
2835 4778 74
1420 5263 155
2984 2903 75
3114 4361 52
3043 5416 170
3107 4540 168
6560 2084 90
5040 4004 82
3912 3461 170
5804 5416 170
789 1081 174
1175 4843 171
942 4134 178
571 2084 90
6568 7937 171
4436 5294 47
7655 2084 90
5158 3990 216
6628 5416 170
3304 5294 47
4554 5718 82
1476 4134 178
1483 5854 174
4159 4540 168
6300 2306 120
4826 3990 216
4205 5491 73
107 7034 174
609 6799 18
3034 5491 122
2379 4540 168
4365 2367 82
7933 4471 22
3612 4638 170
1007 5294 47
6061 6375 174
407 2084 90
4950 5491 73
2193 4134 178
7826 7620 89
4084 6799 18
5352 4540 168
4309 4540 168
4309 4134 178
421 4134 178
6003 5416 170
5602 2084 90
2209 4134 178
7989 1064 82
5903 5994 176
4191 4017 74
3124 5294 47
2561 3589 153
1098 5491 127
2335 6835 116
3740 4369 75
1163 5854 174
6870 3990 216
3758 4778 74
3458 4134 178
4143 4123 119
5441 4540 168
4903 4540 168
6247 6835 116
5873 3513 171
4851 5294 47
6342 2306 120
5779 2084 90
5885 396 88
1096 5491 127
3226 8006 171
6556 2363 170
4798 5416 170
5835 6835 116
2565 6459 87
567 835 178
4866 6621 74
2219 2101 75
4982 5491 73
9 5294 47
3347 3311 174
3855 4540 168
5683 835 178
2657 5491 73
4630 2084 69
4698 4011 171
4302 4088 75
1842 5871 179
2630 5416 68
4597 2804 83
3610 5491 73
2999 4431 74
4628 2411 120
5162 2084 90
826 4797 167
1335 5111 107
3460 6799 18
925 5854 174
2484 5491 73
4766 5416 170
180 5912 170
2756 2084 90
7557 6732 170
643 5933 204
5046 2306 120
7751 6864 114
3886 6799 18
4704 3113 212
7897 5461 179
2033 5294 47
1552 4428 52
4900 4134 178
7832 5294 47
1364 3135 174
272 5491 37
4321 4605 157
3287 7941 75
2582 5491 73
6706 6436 75
2138 5933 204
6206 2270 82
3965 2003 72
1383 5416 170
1103 6272 171
3216 2300 62
7698 5294 47
2455 6122 176
7524 2257 120
1418 3589 153
1328 4134 178
1053 2882 168
1447 5416 170
3556 4695 203
6696 5854 174
819 2300 208
7768 2306 120
1224 4540 168
2753 4540 168
2004 5491 73
1230 5294 47
1384 5294 47
5355 4134 178
1906 4570 174
1280 5294 47
3032 4998 78
1538 5416 170
3929 6263 75
6213 5111 70
7996 6075 74
259 7880 102
4854 7034 174
6600 5596 74
5263 2434 120
5012 4330 17
5174 5416 170
6022 4540 168
209 1045 82
2697 5294 47
150 6835 116
2693 5416 170
933 5294 47
7908 6835 116
760 2306 120
3945 4431 87
2165 2084 90
5243 2084 90
5667 4134 178
2263 4853 75
4069 4134 178
4778 5933 204
2537 4134 178
4866 5491 73
5735 4570 174
839 2744 41
7672 2412 120
6918 2084 90
7211 5416 170
1484 4540 168
6629 4540 168
3818 2994 68
799 4134 178
982 3589 153
129 4134 178
3469 5491 73
2015 5491 73
5290 2300 169
1237 3936 132
6985 6312 22
2472 5294 47
6707 4134 178
2501 2903 75
5629 56 82
426 4540 168
1983 5294 47
2381 5933 211
3527 4467 88
2892 2744 41
4207 6072 79
3844 2882 168
6316 5294 47
4780 2342 19
4126 7041 174
6437 703 82
2148 2903 171
2196 1612 52
6851 4245 170
2521 5416 68
2482 2994 170
3492 3742 88
5736 4188 88
3030 3161 120
7562 2306 120
1395 4540 168
7524 5491 127
2289 3275 87
1053 6027 170
7442 5416 170
2230 2618 87
3098 3589 153
1362 308 83
3646 4540 168
2079 2053 179
578 2363 75
5918 7034 174
5834 4134 178
44 5195 87
2762 2101 75
3537 641 52
4191 4899 69
14 2411 120
152 2306 120
5248 3990 216
5890 3990 216
5949 4899 69
2877 5854 174
4563 5111 170
3512 4732 119
7601 1625 82
3183 6862 92
1177 2882 168
2245 4134 178
3714 4134 178
5462 5111 68
1830 4540 168
4744 1329 52
5387 4774 167
4393 4775 170
3356 5063 176
850 1752 74
2996 2882 168
5594 5294 47
6487 5491 73
3188 3742 88
5616 3001 132
733 4134 178
7899 5294 47
6450 5294 47
1816 4540 168
4426 2300 208
6569 5416 170
1611 6888 195
2226 5111 170
6559 5491 127
789 7732 176
3289 5491 73
6360 5294 47
1679 3462 170
4155 4732 170
3868 4540 168
7437 2306 120
2726 4134 178
4346 3135 174
6016 2306 120
1564 5416 170
5446 5416 170
5912 7074 122
720 7034 174
1043 2300 169
7736 5294 47
4709 2300 169
6929 2084 90
4316 5294 47
4928 5294 47
3965 5491 73
5137 4540 168
1574 4953 24
2403 1329 52
6158 2084 90
4575 4448 68
4663 4540 168
3339 5919 78
6393 4134 178
4157 2742 195
3364 5994 176
6632 5294 47
5531 5416 22
6540 2363 170
4947 5294 47
2489 5933 204
5769 5491 37
4565 5416 170
6308 4540 168
872 5416 170
4536 4428 52
4524 2101 171
2460 5369 163
7241 2084 90
6310 5933 204
3436 6312 68
832 2882 168
1025 4134 178
48 2084 90
7129 835 178
6370 6835 116
2023 5294 47
5281 5416 170
999 6975 75
5873 7700 163
1120 2434 120
6938 5024 76
289 5854 174
7060 5491 73
3562 2300 169
5857 5491 73
260 5416 170
5037 6888 195
1509 2882 168
2830 7382 179
4294 5294 47
3721 6773 171
5234 4540 168
4576 5491 73
6462 6835 116
6554 703 82
30 2084 90
2487 5416 68
4396 4134 178
2243 4361 52
7069 6835 116
4359 4134 178
6424 4333 167
7117 2306 120
4825 2101 75
6831 6835 116
3912 7604 132
4902 5416 170
5318 4540 168
7545 6835 116
3603 2882 168
2320 5294 47
2585 5416 170
1005 5416 170
2611 2084 90
7831 5416 170
427 7749 75
123 6835 116
3122 6282 163
2637 4019 52
7261 6835 116
2822 4540 168
7023 5111 170
2724 5416 68
4664 2342 19
869 2084 90
6392 5491 37
2124 4134 178
272 2882 168
5893 4637 112
2060 5416 170
1568 6027 170
7274 6835 116
7513 5294 47
4549 6862 92
831 835 178
325 5294 47
3984 4455 155
7397 5491 127
6146 3481 170
5438 5854 174
3339 5491 73
467 4778 74
1950 4188 88
7918 5294 47
6280 4444 88
2658 2084 90
7739 6835 116
7116 6835 116
6485 5491 127
7846 6835 116
954 4361 52
2256 2500 69
7676 5294 47
3406 4134 178
685 3589 153
569 4540 168
5129 5416 68
3685 4201 176
1320 2742 195
1384 7706 176
1297 1329 52
2133 4595 171
4536 7161 155
6405 6662 120
4858 5416 68
868 5416 170
3472 2101 75
737 5502 83
2218 5294 47
791 4134 178
278 5416 170
3305 4134 178
1305 5416 156
3224 4540 168
255 2434 120
2292 3589 153
7295 7295 114
1327 5416 170
5254 5294 47
3773 2084 90
7881 6835 116
5131 2084 90
3105 1209 64
4335 4134 178
5815 4540 168
7495 2872 167
4107 6236 167
581 5111 36
6777 2084 90
256 2882 168
4556 4540 168
1295 5416 170
6480 4540 168
3141 3990 216
4995 4134 178
6436 6835 116
583 1816 66
2611 4346 74
1937 6732 170
4967 2084 90
5444 2084 90
1135 4134 178
4087 5416 170
245 4134 178
4114 4540 168
189 1187 37
205 6871 170
4458 5912 68
3675 2363 170
1870 6480 93
643 4134 178
5077 482 88
2921 6835 116
3176 5491 73
829 5416 170
1256 15 171
199 2742 195
7457 5491 73
3698 4540 168
5640 5416 170
2990 5919 78
6272 6835 116
7628 2148 82
5777 2994 68
6747 2084 90
7186 4540 168
2258 6312 68
3668 4134 178
1257 4540 168
1356 4732 170
4699 4540 168
7204 4369 75
2533 5294 47
7267 6835 116
7744 5294 47
3230 5416 170
3256 5491 37
6308 835 178
2013 4134 178
7155 7065 114
913 6049 155
4319 5416 170
905 5416 68
6082 6835 116
2970 4540 168
3490 5491 73
6310 4134 178
4492 5416 170
7129 6027 170
705 3589 153
6938 4330 17
3261 3335 167
185 6835 116
5087 2742 195
3666 4540 168
1107 4540 168
6727 5443 17
3662 3135 174
6015 5491 37
3586 7762 171
4918 4134 178
4956 5294 47
3912 5491 37
6732 2434 120
1976 4361 52
6195 4540 168
7276 2411 120
7043 5491 127
5009 1995 87
7310 5491 127
2822 2300 169
5159 5294 47
2736 4540 168
4922 4188 88
4696 7572 171
5020 4540 168
4474 2882 168
5847 6268 171
7379 2084 90
4969 5416 68
1266 1209 64
1336 5919 78
5675 4540 168
3591 4797 88
6067 5416 170
3932 5933 204
1496 5294 47
501 835 178
7637 2882 168
1418 1329 52
2869 4361 52
467 4998 78
2204 835 178
3457 4956 75
175 4998 78
362 2363 170
1945 4170 93
4493 4778 74
1124 2300 169
6952 5491 127
1261 5491 73
4028 2882 168
7443 5491 127
6703 4134 178
6351 2084 90
6027 2342 19
2134 3135 174
5687 5491 73
3229 3678 169
463 5416 170
1621 2882 168
5855 4134 178
1661 5416 170
