7086
5263 4386 199
2363 178 118
2363 7188 118
2147 3898 63
4542 4116 3
5042 5205 80
2925 6233 32
746 2443 148
4903 2809 172
4875 834 191
7009 1994 145
7009 4074 145
5175 4570 126
4604 5111 91
7944 1077 53
5529 5452 3
5529 39 3
395 839 10
255 3944 160
2785 3937 3
236 5652 9
4490 6955 63
4961 159 118
7279 751 173
6317 5167 3
3644 2154 81
6724 5111 91
5225 3014 63
4726 411 63
2741 7382 173
6738 6697 6
726 2241 9
726 4534 9
2809 1607 126
1918 2300 81
3303 3294 104
5885 6732 91
6741 3980 183
126 4534 9
1318 7123 147
185 7029 27
4919 2830 84
1690 5116 160
1408 6643 9
7095 7042 117
6869 2538 9
5627 4476 173
2217 6235 84
2217 4747 91
706 4927 150
706 1582 150
6658 821 3
6658 6942 3
274 1122 53
1422 7511 173
6635 5342 5
1423 4450 53
2903 6948 118
7221 2322 173
3291 963 3
182 3988 172
4798 5910 63
6715 7006 147
795 2385 80
4607 6986 91
3510 2706 10
7587 3126 81
1235 5116 160
5452 7052 14
5559 4950 63
6227 298 150
4516 3759 184
5145 6877 53
2538 5341 3
296 950 51
1035 4458 63
1371 2011 172
461 5564 84
4734 591 9
2614 5908 3
3446 1128 138
2276 2999 3
7127 4672 214
5302 2978 84
5187 2322 173
6211 4459 91
3188 2639 84
4512 2106 53
6670 4992 91
2240 1474 4
5373 416 173
3430 3460 91
4460 2060 138
3107 692 173
4825 3279 91
1448 751 173
6640 3642 3
2458 4443 11
4589 3481 91
2829 5912 91
5091 5528 9
5653 602 4
2324 737 3
4885 716 150
4885 5158 150
2174 2830 84
2907 2322 173
2907 3660 63
2759 4961 172
591 6927 3
7895 1191 150
5092 6862 150
434 5911 84
618 236 104
6290 2514 3
6290 5447 3
6290 4348 5
3353 6889 183
5528 3641 3
2318 126 138
4491 4661 111
6309 2408 80
6707 6552 9
6598 6862 91
597 3135 126
483 528 118
6611 273 91
4324 1874 39
7123 7895 146
4766 6234 173
373 5614 63
426 2200 63
3927 3944 160
3463 6133 173
2345 3465 118
6026 6548 130
138 2798 9
2477 2789 9
168 5214 51
2825 818 3
2009 5930 9
4474 5728 9
5661 4491 91
4170 4186 9
2051 6665 63
3923 1414 172
1407 4751 2
4402 5081 10
2428 6234 173
4864 5669 150
4864 4997 150
7574 5517 9
2293 7882 118
4709 5964 9
6671 2483 80
6671 6312 91
6641 4410 3
1981 4047 4
6284 1746 80
6652 3259 173
3624 6938 3
3624 6191 3
2008 3409 80
2008 5416 91
6131 5564 84
3658 4448 91
5335 2422 6
4002 5104 207
3932 6677 63
2600 2118 3
4483 2340 53
902 4821 150
2379 2322 173
4747 7821 149
5976 4459 91
5027 6862 91
709 46 63
4668 5528 9
1149 6225 118
6439 2830 173
4575 1503 84
3812 2300 81
5117 1122 53
1477 3655 53
4508 4446 56
2789 3517 3
3039 6811 38
4369 1353 126
2118 2538 13
6025 560 111
1579 1353 126
5093 3745 63
7880 7690 118
2178 4386 199
5152 2397 53
1447 5515 9
3340 7883 80
414 2101 172
6209 1985 13
4036 5465 173
6582 1227 91
2571 2786 129
4313 7431 118
1657 4845 129
6533 2300 81
2256 4459 91
1049 6677 63
2715 2679 63
7052 5658 9
6118 273 91
1492 2783 9
5424 6654 4
3206 2830 84
2634 3830 3
5031 7009 151
6642 4655 3
2909 2385 80
2373 943 80
3618 4780 91
1818 1503 84
2203 5416 91
5956 1690 91
2004 6862 91
872 2901 11
5416 1250 118
5416 1110 118
6194 3460 91
3124 4494 150
3124 6027 150
3247 751 173
261 6408 9
1952 6235 84
2354 4725 63
6762 3853 6
4083 4587 81
6348 3444 9
3839 2903 172
6647 7822 3
6647 5645 3
6647 5788 5
2530 5928 9
4535 3134 6
1003 7008 63
582 2986 133
3121 304 10
4277 805 111
6237 6033 91
3511 7897 53
5168 2628 84
2023 4732 91
2363 3936 118
247 6732 150
3263 4030 53
1455 4029 53
1988 2322 173
5575 5419 13
2746 6273 172
5828 5871 173
4399 5381 9
5202 5104 207
2309 3291 9
5225 5969 9
4650 3620 199
6783 6033 91
1637 1280 185
5884 4732 91
5884 2749 91
7130 2511 3
3054 3258 91
413 2300 81
5885 4747 91
387 6241 173
3680 3431 80
4373 4103 53
1183 4366 172
6836 2271 9
6836 5773 104
2706 3510 10
3801 6316 118
3956 751 173
3894 2322 173
6566 7073 173
5611 5630 91
6597 6312 91
3386 1881 10
5059 5262 63
4269 5626 63
7256 1337 63
4006 6235 84
3226 2231 9
5474 5434 187
5495 2874 6
6587 5416 91
822 658 11
3291 3642 3
900 2217 129
900 473 129
4798 6234 173
6185 7073 173
6159 5299 63
7598 2322 173
5043 2533 185
6080 2322 173
6227 3766 150
4291 1804 10
3387 3100 191
564 5657 9
2835 4758 91
482 4798 10
2614 4191 3
5740 5988 91
2276 5740 3
4975 3892 173
5593 6322 9
1572 5653 9
2847 793 3
3754 1503 84
1449 4654 10
6674 5784 5
2107 5205 80
6720 751 173
2617 2433 3
4876 1369 63
2879 5528 9
1777 2781 9
6640 5690 3
6007 4446 53
1622 7577 10
617 5912 150
4589 3678 81
6441 5101 10
4584 2331 81
5552 4671 145
3873 7028 27
479 4211 9
4672 4082 150
6510 2322 173
4068 2725 160
3479 4042 125
1118 4596 81
6564 7460 173
6685 6597 11
7913 4454 213
4885 3258 150
2607 2688 63
2395 5653 9
409 5883 63
1175 5965 9
4318 2628 84
591 5322 3
2333 5416 91
7895 2994 150
1150 4199 63
1262 6508 53
2478 6862 91
6290 6488 5
2302 4830 199
2781 6672 3
644 5871 173
3609 2889 10
2472 7073 173
6013 5104 80
3533 1108 172
4569 3913 91
6244 3780 91
5773 7228 63
2745 1227 91
4184 1915 5
196 678 9
4766 3575 11
4678 5104 80
2511 5104 80
7023 3259 173
4544 6123 3
1870 2300 81
4853 5030 200
6402 332 91
5912 560 111
6525 5630 91
5195 5465 173
4795 4495 184
2825 7442 4
2825 4028 4
5251 4705 12
41 5564 84
203 5381 9
7593 5204 91
2386 4661 111
3288 5877 3
5661 298 91
4170 692 173
2368 2785 13
6312 776 149
5932 4500 173
3923 2790 9
4112 3777 129
3856 2322 173
4402 7511 173
3815 5871 173
7065 7155 118
1915 2581 6
1915 7657 6
7574 2291 9
2854 2121 84
3925 805 111
5557 6205 63
6701 4030 80
6701 3258 91
5111 4570 126
4433 6234 173
3624 6706 3
3628 3042 91
329 5564 84
2008 943 80
2008 5204 91
1712 1974 13
3790 2757 9
1266 7511 173
3494 1807 4
5181 6862 91
3750 7706 172
5151 2300 81
3507 7521 118
5733 4780 91
4096 5382 9
2600 2010 3
435 4596 81
3907 1503 84
5389 6714 3
5027 943 80
3030 749 111
3334 4448 150
5245 2628 84
5245 4531 81
3767 5132 91
1240 2363 172
4211 907 3
4211 2812 3
5630 2441 148
5904 7460 173
249 1122 56
4645 5703 9
5436 4821 150
5083 3431 80
2915 1244 84
1363 7926 172
7442 4355 172
3012 2830 84
2178 2816 199
6204 173 6
7783 7782 117
965 3063 53
2509 5514 9
6497 2385 80
6941 4232 91
2979 5544 84
2533 2340 53
4041 2322 173
6731 1067 63
1831 6033 91
3256 2280 104
1917 5571 63
6718 6087 12
6642 6616 3
6642 3928 3
6642 6625 5
6308 3662 104
5775 5912 150
5538 2300 81
3593 5655 9
2994 7141 147
4547 4494 91
5351 6736 3
5416 2869 118
2986 1551 138
7602 3674 133
261 6407 9
2720 1746 80
1064 4186 9
4813 751 173
5489 2770 145
36 7883 80
5767 7108 117
6646 5791 5
6646 5824 5
3765 2856 63
5029 1174 150
4083 4842 80
4341 2248 4
4821 1227 117
4671 7009 147
5434 2340 53
1277 5465 173
5248 7132 149
6504 482 10
6699 5871 173
4125 5871 173
4705 5871 173
6665 4422 80
235 6658 9
3954 5695 3
3954 2765 3
7987 2588 63
2031 2329 81
1661 5973 172
1490 1952 63
1686 95 173
7370 7388 117
292 2078 10
4375 2911 63
1189 2757 9
4022 4526 173
6161 2300 81
4106 6801 172
5753 3003 160
7570 6402 3
2811 2628 84
575 3479 150
4425 5969 9
4408 2300 81
6783 2994 91
5743 5228 104
5340 4699 6
7130 1877 3
2828 7073 173
468 4747 91
939 6056 173
2105 4747 150
6686 3279 91
6686 3780 91
5257 6606 160
206 943 80
5771 2628 84
5908 2628 84
1752 2322 173
5078 4459 91
6886 5758 185
3420 2300 81
460 1657 53
2837 3790 6
3617 5104 80
2953 3045 63
2075 2300 81
1889 2322 173
1533 6634 9
1802 6033 91
2766 2747 4
6673 3042 91
4578 5871 173
6577 3465 91
2486 4288 3
6715 4232 125
6271 2300 81
7598 6234 173
4745 2052 199
4320 6986 91
3270 767 6
4982 4755 81
28 7177 80
6570 1407 9
424 4128 63
4257 775 149
1461 4039 53
2780 4883 3
5740 5912 91
6650 2389 173
3166 1690 91
6140 5104 80
4302 3173 80
4431 5871 173
67 5553 63
7449 410 6
5373 3165 136
4411 2444 104
355 4661 111
4667 4933 9
6546 4450 53
2458 648 63
5040 7177 80
6532 2154 81
4948 2377 150
1118 3468 91
176 5094 80
5073 2984 63
7638 4545 9
4644 3085 53
3117 4205 63
5688 4568 63
5713 3255 53
4357 1746 80
3875 6652 4
2098 5419 13
4907 7024 6
1158 4103 53
4725 2408 80
6714 255 91
7104 7252 118
6135 5104 80
3880 4755 81
4569 5169 91
7100 3255 53
7021 5658 9
3751 1478 104
7123 2443 144
61 2442 144
4926 4567 53
4996 5564 84
428 6290 9
6126 2300 81
6988 407 63
233 5388 9
1539 3260 106
3358 2000 39
6657 4441 5
7657 2350 173
2579 4459 91
1216 269 173
2386 4812 147
6705 6234 173
5661 2749 91
2757 5797 3
4827 6825 160
1501 6644 9
1501 1942 133
1474 2322 173
2899 6518 63
7647 2350 173
283 5111 145
864 4638 150
5111 111 118
5111 5894 118
3624 7823 3
1877 5911 84
5198 7570 9
4774 187 53
4451 5116 160
4430 1120 91
1587 6523 63
1009 2552 9
525 2497 63
5831 4492 6
193 1324 63
2587 2830 84
335 4637 81
2225 692 173
2733 5518 9
4932 7607 10
1798 4075 172
4201 7165 199
3301 6234 173
1383 751 173
411 5205 80
3681 751 173
1480 5513 10
7575 2608 63
6394 3913 91
1718 3875 9
1935 5911 84
5516 2173 3
5245 5104 80
6439 2276 9
2633 7827 3
222 1601 84
3770 3766 91
5347 3140 199
5083 4422 80
4453 6234 173
4481 5544 84
3280 4199 63
3143 2120 38
3339 3323 80
4122 7478 118
3298 4085 199
6031 5465 173
1974 5755 4
5074 5911 84
2178 667 200
414 5528 9
1143 2322 173
3753 6955 63
6937 5912 91
4886 1866 200
4817 2725 160
719 2408 80
5737 2385 80
4140 5911 84
2359 5657 9
5834 3710 104
6784 1712 63
6118 4456 91
6731 7706 172
1063 4207 63
5113 3085 53
4432 5544 84
5411 7302 172
2994 7163 149
2994 6732 117
7858 5578 53
2409 663 9
5014 4088 150
2004 6806 91
1922 7912 4
1922 884 4
5416 7893 118
5416 2671 118
3124 5988 150
6082 1866 200
2383 4567 53
5029 1087 150
2572 831 10
326 6375 126
2754 6785 38
3800 2790 9
5199 7284 118
3509 6091 173
3954 2737 3
3954 708 3
3458 5871 173
6678 5142 118
3305 6241 173
2363 207 118
2363 5894 118
6109 273 91
4754 2350 173
6193 2595 13
6877 3626 56
993 2300 81
2785 5135 3
5796 3913 91
741 6664 213
6676 4648 91
5969 5340 5
2228 5214 51
1851 3045 63
5225 4172 172
5636 3954 9
5636 5312 63
5884 4648 91
1918 5111 91
4786 4751 80
716 6855 149
5719 3173 80
1987 3204 3
1987 4024 3
5891 4587 81
7827 4660 80
7827 5424 13
5078 6033 91
4545 5078 3
3956 2322 173
6737 5653 9
7164 5871 173
6978 4500 173
706 7115 150
1047 1911 4
4648 7007 147
6658 2041 3
3388 3289 129
1137 754 63
1802 273 91
6635 4083 3
5341 7177 80
3291 2364 3
2486 2174 3
2886 3517 63
5385 4018 3
5385 4077 3
7219 273 91
6983 975 3
6983 7954 3
4320 4257 91
5144 675 53
5633 6362 173
2474 2300 81
4516 275 185
2538 180 4
4136 6033 91
6553 4068 91
769 4821 150
4734 6634 9
2276 2217 3
4723 2322 173
4630 5038 8
2173 2300 81
2847 3834 3
4023 2101 172
1234 5678 10
1234 1490 31
1234 5021 63
356 5385 9
6957 4719 80
585 2322 173
896 5550 63
6122 5030 200
385 6341 53
5213 2657 63
5978 6027 150
3583 4448 91
3583 3279 91
5104 5704 129
2425 2322 173
6629 4416 63
1622 2588 63
7046 751 173
1611 6743 185
1699 5871 173
176 7177 80
6736 2628 84
7144 1466 133
6157 7460 173
5958 2322 173
5522 3409 80
2446 834 51
2174 5564 84
1121 607 149
2010 916 80
918 6658 9
6360 7883 207
6568 7937 172
4835 3481 91
3887 7819 149
960 5104 80
4976 5214 51
2478 3468 91
4496 3228 10
6290 5787 5
1714 2165 63
1561 2389 173
4429 4499 3
3375 3567 63
5635 3259 173
5528 2658 3
2318 6223 140
4785 6862 91
6135 4448 91
6021 5911 84
5090 4606 63
5300 3726 10
6611 6801 91
2822 6693 63
1087 2442 148
6565 5132 91
6565 322 91
2696 5965 9
793 2408 80
4677 2154 81
6026 4809 125
1483 7081 133
1790 5111 91
6356 2165 3
6281 943 80
394 2101 172
2825 3769 3
2579 6312 91
2579 3042 91
6622 7177 80
783 2322 173
4927 2725 160
904 7177 80
5661 5544 84
3865 2747 4
3865 1915 5
4256 3412 3
4402 2322 173
4864 4491 150
1311 5908 63
4417 3197 3
6951 6732 106
3620 2816 25
5893 2686 118
3052 3678 81
5709 107 31
1191 4661 111
7890 1149 117
2358 5832 63
6687 6033 91
4404 2483 80
6654 5515 9
5356 6521 53
6968 6966 117
5181 3258 91
5181 332 91
3658 255 91
7911 3869 184
8010 2757 9
3961 6658 9
5279 2154 81
3683 2538 9
559 6027 150
2225 3995 9
2609 6676 3
2609 3928 3
621 298 150
684 255 91
6747 2749 91
3320 5528 9
3778 2121 84
6408 6152 3
4015 3431 80
5516 47 3
2872 4748 53
1149 4851 118
1149 7890 117
6162 4648 91
6694 5988 91
3294 738 173
4211 2968 3
5882 3119 91
6782 1244 84
7162 4450 53
85 4523 118
1130 6576 80
2141 4450 53
6624 5169 91
2918 2628 84
4824 7511 173
5681 3797 63
5650 5912 91
6666 5111 91
2738 4755 81
3414 2300 81
4806 3638 160
4185 7592 3
6894 5214 191
1485 4256 9
438 5516 9
4077 1981 13
6522 2526 173
6522 2389 173
473 5132 91
473 273 91
5086 7991 63
513 5516 9
6690 591 9
3969 2628 84
7151 4840 214
93 5911 84
2709 2190 53
857 526 173
5031 7006 151
5118 3418 4
4315 4472 126
4074 3638 160
5818 5104 80
3813 5214 191
298 7127 149
1487 1376 172
3384 4817 91
4921 2780 9
2989 95 173
2994 7225 118
464 3517 129
5416 1976 118
3690 4187 9
3781 3479 150
780 3255 53
5468 2154 81
1879 4802 118
1301 2350 173
5489 3481 145
5475 3271 63
3257 3750 32
4179 5528 9
3425 2322 173
350 6825 160
6647 5372 3
6647 5790 5
5770 5911 84
3800 4236 172
2765 2823 13
5199 7278 118
4705 5251 12
5981 2389 173
832 6125 63
3954 4589 3
3954 6672 3
3858 95 173
4450 3255 56
1519 700 9
3657 4422 80
5731 834 191
6191 2377 91
1512 7073 173
4495 2935 187
792 2994 91
5155 574 53
216 6234 173
972 1061 191
5518 420 3
6243 2322 173
575 3119 150
575 6312 150
2108 3259 173
1637 5448 191
5884 3461 91
3613 3460 91
7130 38 3
2049 6234 173
2642 956 187
2804 4484 172
5962 6235 84
3115 2903 172
1960 2389 173
6913 4740 53
468 4671 91
4551 7177 80
70 4541 9
7020 5827 207
1713 5564 84
1961 3259 173
1036 5465 173
490 2340 53
2897 4725 63
5170 2374 33
4164 6068 63
1533 2687 9
1982 3748 4
6658 4767 4
4940 1690 91
6208 4817 91
6635 6780 3
6587 3481 91
3736 5911 84
6994 5214 191
336 5116 160
6983 3502 5
1287 1122 53
4050 2322 173
6227 3886 150
7081 3448 142
2212 4446 53
3292 2547 3
3292 5299 3
2449 5528 9
6570 4236 172
945 697 9
3641 2628 84
7506 7500 117
923 5871 173
876 6091 173
678 6501 4
4841 692 173
356 5389 9
1399 3826 53
3282 415 63
3957 834 191
2617 2562 3
4593 4203 150
6648 6977 3
2117 5166 133
1824 6341 53
1824 5214 51
2125 3934 63
6640 2657 3
4589 4821 91
3674 7047 140
4672 3231 150
2205 5911 84
4562 5214 191
6820 3279 91
4602 5578 53
1229 4544 9
7144 2779 9
2226 6280 63
4885 1690 150
1819 7595 53
2201 2288 185
5092 1207 150
826 2569 63
2610 40 3
3338 3730 11
1046 2221 173
995 4722 80
1085 692 173
4785 255 91
5724 3279 91
6135 255 91
3880 2639 84
6611 4494 91
4383 3533 10
6175 5544 84
2623 3865 9
4442 900 80
5048 1061 191
1476 416 173
6672 1690 91
408 4853 172
5398 962 129
6643 5536 3
2965 6235 84
5015 3292 9
2917 2322 173
2535 2872 187
6862 2443 148
6377 2744 2
7593 3119 91
3255 4450 56
5535 4219 5
1406 2501 63
3865 4607 3
2402 5512 9
635 2322 173
4049 1604 118
1174 6606 160
3848 2363 172
6267 1388 27
1338 6813 117
3052 4747 91
3052 4587 81
648 943 80
5797 4422 80
3624 6787 3
3624 5494 3
1215 5930 9
4774 1402 53
1009 5535 9
962 1196 91
3750 2322 173
6885 5144 185
6261 3826 53
3507 1607 126
5733 5564 84
5746 278 6
2609 6992 3
2609 4538 3
1131 416 173
3757 281 84
1109 2680 133
6077 5564 84
4747 7142 149
1562 3488 9
5389 5060 4
5983 6356 9
3905 4417 9
936 4030 53
4655 1982 13
2872 3255 53
3030 4812 147
4236 5854 126
6694 4232 91
6935 751 173
1741 3401 53
3904 5617 160
6324 425 10
4494 7122 149
5436 2994 150
5614 2300 81
6204 412 6
1945 5544 84
3505 4472 126
3013 3319 81
6634 7582 3
6634 7381 3
3901 5104 207
4817 805 111
5625 4971 11
2256 255 91
2256 4257 91
3452 1690 91
6118 1120 91
421 5717 9
2570 3527 63
3955 6234 173
4315 4897 126
5447 943 80
4711 1478 32
202 2600 9
502 2538 9
4432 5564 84
6027 776 149
5165 4422 80
3474 6648 9
568 6552 9
2319 834 51
4413 2033 118
7989 2300 81
5014 4780 150
4840 5132 150
76 3255 53
5903 6290 9
5956 3258 91
5282 4232 91
5351 5997 3
5416 2326 118
5416 7849 118
3124 6806 150
3124 613 150
3781 1174 150
307 5528 9
4536 4450 53
2956 943 80
4694 6694 63
2431 6584 172
369 7731 172
6647 1764 3
2223 5331 63
259 4767 31
3800 6125 63
868 2101 172
6524 3228 6
3841 2648 51
5855 656 172
6665 3461 91
763 7177 80
3954 4363 3
3954 34 3
6870 2441 148
2031 6312 91
2031 4638 91
5803 751 173
610 2322 173
1517 739 9
4860 1081 126
909 3446 136
4903 2478 63
5186 7165 199
4375 3954 9
5575 2825 13
5175 3006 118
1067 3323 80
5529 5445 5
3822 7627 172
7910 4984 8
8015 6097 172
5610 4422 80
6738 5362 6
2809 7765 118
6273 7029 27
468 4638 91
1987 7243 3
1987 3660 3
1713 5911 84
1306 5258 53
5965 412 4
2393 3288 9
5078 4422 80
2317 3382 6
1036 3372 133
7661 4170 104
6580 5132 91
5651 5809 30
4523 1866 200
4443 255 91
2793 4459 91
4006 5544 84
1012 943 80
4304 1130 3
4940 3461 91
3851 5564 84
2142 1942 133
3293 5416 91
6673 1690 91
4867 1120 150
2192 4445 56
2761 6675 63
2538 5908 3
2538 5737 3
424 4410 63
5740 4671 91
1815 5975 63
436 5544 84
1181 5617 160
5156 2106 53
876 2327 173
3166 3460 91
6793 5535 9
1232 3964 172
4593 4732 150
4460 1940 138
4460 5672 140
1222 844 10
6953 2772 13
6640 4499 3
6236 4567 53
6873 7895 146
4672 5257 150
7161 4536 118
4562 2859 184
6288 235 31
1118 6027 91
6685 2584 63
4602 2029 53
1031 5465 173
4885 3465 150
6287 6033 91
7500 7506 117
2395 2350 173
3289 5564 84
409 6084 172
1121 2443 148
5688 2794 9
5688 7049 12
5867 6033 145
2201 936 185
2901 299 14
591 39 3
591 5498 5
3887 5854 126
5092 1196 150
4357 4752 80
1609 6842 51
2610 2590 3
6290 2353 5
4217 2300 81
1775 7073 173
2677 3323 80
6681 5419 13
5851 6033 91
3460 2725 160
5142 2340 53
1204 6643 9
6598 2628 84
3439 3751 4
6611 2300 81
6244 6986 91
7983 4678 191
3854 4454 53
4383 2907 10
7556 2610 9
5241 5204 91
180 6634 9
4065 5617 160
6253 667 200
6068 2408 80
7607 5803 31
1911 4476 173
2942 5911 84
6672 4448 91
3223 3892 173
6402 5912 91
1350 2322 173
5912 6881 149
2911 5544 84
3544 6341 53
1482 5210 63
1482 6600 63
4410 2300 81
2036 6027 91
2161 5104 80
4468 5195 104
5661 3258 91
7997 2300 81
3856 5871 173
2298 3528 51
3936 629 118
6284 4755 81
5111 6482 129
3624 473 3
2128 4596 81
5338 1275 187
6806 6806 118
6437 943 80
1755 3966 9
4517 5564 84
5733 3481 91
2600 1713 3
4435 1690 91
3297 3258 150
902 2994 150
5751 5351 9
3301 2791 9
2379 1913 63
3320 6506 63
2222 1388 27
3030 2442 148
1149 5139 118
4211 3779 3
4638 3766 117
5930 6524 5
2782 4272 3
5695 4257 91
1990 5953 6
7813 4140 63
6624 6033 91
2971 6470 172
6025 6438 118
1579 7200 118
7820 2443 144
363 7382 173
2204 2069 63
6771 615 51
1074 4567 53
4681 6244 63
4272 255 91
4886 2052 199
5228 1450 104
1299 6634 13
5625 3259 173
7625 5016 9
3254 4266 150
4187 6690 4
3206 1227 91
1224 1594 173
613 4661 111
5113 187 53
5772 4927 91
6642 5027 3
2856 1400 80
922 2065 80
4724 3617 63
298 2443 148
2820 4671 150
4267 3954 9
3685 7511 173
5014 6870 150
5351 7633 3
5416 7185 118
5416 1536 118
750 692 173
3124 4747 150
4966 6026 150
3207 2784 9
6123 2385 80
6646 713 3
6762 5563 6
3700 4732 91
5988 2725 160
2290 675 53
6647 6492 5
5434 6508 53
5434 4450 53
2210 195 173
3335 1077 53
7226 2920 4
1293 5529 9
3305 6644 9
2363 1334 118
2363 194 118
1517 5864 172
4143 4897 126
6542 3438 9
6542 7382 173
4612 6038 173
420 2300 81
5175 588 126
7167 6983 13
993 4587 81
5796 1196 91
3830 1400 80
3830 2628 84
4490 2322 173
1531 2057 104
5969 4219 5
1851 2322 173
5884 2628 84
7130 4242 5
173 5465 173
2809 7763 118
3642 2300 81
4979 5880 172
206 5544 84
2097 6235 84
4545 1945 3
3617 4587 81
322 2441 148
6597 4648 91
706 4815 150
6579 4257 91
1178 4213 133
2044 678 9
4940 6033 91
6986 7141 149
6577 2749 91
3291 5494 3
182 3882 9
2486 4631 3
4501 298 130
2923 3707 63
4617 4996 63
2487 5564 84
2902 2350 173
4396 949 63
7081 5705 140
3292 1387 3
5683 4580 9
5121 4740 53
769 298 150
482 3642 11
945 1457 133
5740 5544 84
2841 2347 53
266 5381 9
6110 3292 9
2981 3707 63
5971 2040 39
5156 4748 53
2847 5575 3
2325 2300 81
671 2385 80
6670 4751 80
6381 3620 199
6648 4907 5
1222 2322 173
645 2790 9
6640 5790 5
617 4266 150
4589 3258 91
6441 2889 10
732 5703 9
4956 1795 32
479 2350 173
4086 5884 63
1699 7027 104
7473 3461 91
2395 2559 63
4954 5911 84
1121 273 130
6360 7177 207
2627 3460 91
4964 446 3
3404 2994 91
2333 5104 80
3887 1253 111
3051 2725 160
1325 3490 63
1907 5911 84
2610 5028 3
2478 1120 91
2806 377 129
1714 6643 9
4507 6234 173
5528 3204 3
5563 6608 9
2318 270 140
1369 2749 91
3451 5114 91
5662 2628 84
4324 7858 185
4746 4504 126
6628 2101 172
65 3323 80
1491 4653 63
3751 5672 104
5110 2229 9
2958 6518 63
426 5654 9
3315 1149 172
1217 6038 173
7953 2300 81
1623 3840 10
2345 5248 118
6901 3516 191
2743 4427 11
6525 4494 91
6643 6687 3
2965 1412 84
6657 7827 3
6657 5322 3
3739 4587 81
3966 4868 3
1826 2252 4
553 4103 53
3255 4029 56
3277 2322 173
3524 4232 91
1349 7460 173
4427 2830 84
97 6362 173
4864 3913 150
4864 4494 150
1307 3988 172
272 2229 9
2854 5266 84
5738 675 53
3052 6862 91
6671 6027 91
3624 5341 3
1877 4111 80
1587 6377 9
1266 2610 9
537 4885 146
6806 2441 148
2734 95 173
3658 404 91
5388 708 3
7656 1657 207
4316 7978 118
5130 2443 148
559 2994 150
5777 6946 81
2609 5737 3
4435 273 91
6318 692 173
6747 4638 91
6851 6083 172
801 2322 173
6215 3886 91
4669 4751 207
1149 4007 126
325 5528 9
6344 7382 173
590 5528 9
3770 2121 84
1376 1388 27
3571 4667 10
6178 4722 80
3024 749 111
4078 5116 160
4682 6648 9
3123 5104 207
4252 3466 3
4481 4422 80
7384 5564 84
7384 5416 91
6937 5104 80
4036 7511 173
4888 4499 63
4272 6870 91
708 2486 13
1657 3907 129
3837 5764 172
450 1854 9
6608 927 3
6118 3465 91
6959 2385 80
5113 6508 53
5772 5564 84
1365 3279 91
5775 4068 150
2820 3924 150
6351 7177 80
46 4341 13
2930 4422 80
2989 3728 104
7858 6521 53
2203 4257 91
5014 4994 150
2004 5544 84
2101 992 32
4520 1457 133
5416 672 118
5416 7698 118
2986 1853 138
4352 6366 172
6518 2300 81
4966 4747 150
400 6241 173
6646 6350 3
3322 5104 80
3271 2300 81
4484 7349 118
2572 5796 63
768 4103 53
5199 7276 118
1296 4964 13
573 3944 160
1003 7214 63
235 2349 11
5343 2483 80
217 2350 173
4062 6312 91
1359 5564 84
3061 4429 9
5828 4526 173
4047 359 104
2785 1877 3
3210 3140 199
433 2322 173
5518 3642 3
5518 3136 3
5518 6524 5
7570 6127 3
2811 5544 84
3796 4539 63
29 5104 80
5997 4422 80
4127 3678 81
8015 2757 9
6897 101 185
2828 5146 104
1804 5529 9
6836 116 172
5805 2300 81
7648 2125 104
5686 559 214
5611 5416 91
4032 7489 118
4032 7891 118
961 2872 118
7256 3657 63
4576 5416 91
3963 663 9
5170 7574 104
6658 6736 3
2367 4460 133
4276 5416 91
6635 3696 3
4949 5854 126
4662 4387 11
3291 7633 3
2486 3457 3
2486 4077 3
4082 1342 160
1429 5465 173
7219 4459 91
7219 4185 13
5043 3869 184
6534 2300 81
5633 6635 9
71 2238 9
4516 956 185
3292 3758 3
2538 5500 3
2835 5205 80
3082 1811 129
5508 1811 129
2657 916 80
5530 2300 81
2614 7992 3
6772 1214 10
5612 6648 9
7635 5104 80
5114 2725 160
2984 4587 81
6140 2792 13
1571 6234 173
5678 3764 63
5540 3187 9
4667 5969 9
645 4654 10
6629 4974 9
2458 4416 63
1268 2300 81
94 3865 9
303 1589 172
4672 6870 150
6639 6445 5
4602 1061 51
5322 4552 80
3239 5911 84
2722 2300 81
4954 5544 84
2907 4383 12
3978 1312 63
5688 1975 9
2627 4494 91
5238 751 173
1811 6033 91
7115 3461 125
6602 5535 9
1325 440 63
5923 5465 173
427 4341 13
4999 5617 160
2644 1120 91
2781 3610 3
6668 5104 80
6881 3254 146
6309 3415 80
2472 7785 172
6611 6732 91
4072 805 111
6266 1770 118
6954 2004 63
5792 1426 118
6667 3462 91
1190 5517 9
205 4460 133
4996 2121 84
4021 2408 80
7624 2340 53
6861 2350 173
2723 5654 9
2982 2240 9
6525 6862 91
7498 989 118
4156 5214 191
3072 4257 91
4927 1342 160
4513 380 63
1349 2687 9
1969 416 173
7152 3936 172
4256 1359 3
1207 2443 148
1207 3944 160
4864 3042 150
6910 4545 13
3848 5930 9
5060 6394 63
2735 6051 84
4205 4755 81
6641 4438 5
1548 5385 9
5111 578 129
2413 3292 9
4653 2300 81
5645 4637 81
718 6643 9
544 3488 9
5813 7915 81
3692 5954 10
1009 2909 63
1266 751 173
962 4732 91
4568 1601 84
6331 3113 3
5842 6678 172
1225 1122 53
2271 1131 4
3595 4494 91
5733 2377 91
559 3913 150
3931 5116 160
902 3481 150
4405 3255 53
3320 374 10
3778 5503 91
4637 5114 106
1904 652 11
2114 2705 63
6743 4970 53
6158 2300 81
1613 6193 11
524 5829 9
5028 5416 91
3770 2749 91
4494 6873 149
5695 4732 91
1130 2674 15
5083 6026 91
6355 4830 199
4031 6012 118
4586 6234 173
887 4450 53
1219 1136 10
2069 5911 84
1707 7167 63
4525 6033 91
3029 3479 150
1945 1244 84
6937 5630 91
6634 7679 3
6634 5676 3
2571 5027 129
2191 3778 63
5680 5104 80
3556 2322 173
1657 3072 129
2567 5564 84
3254 6870 150
1628 4541 9
983 4422 80
1831 2994 91
6959 900 80
6642 6140 3
6308 1987 9
5129 7177 80
4724 981 63
2384 5617 160
6027 7006 149
3564 3300 63
3618 4448 91
4267 4429 9
6927 6635 13
4547 5544 84
5467 1061 51
7685 7686 118
5840 4923 63
713 4422 80
5416 7804 118
5416 7937 118
2986 5656 138
6274 1388 27
6516 2419 118
5468 273 91
4232 273 130
2803 6033 91
6646 5129 3
6646 6216 5
4484 157 118
4089 4812 147
4194 5214 51
6647 7560 3
6647 2834 5
7700 3283 118
374 3320 10
6524 3615 6
3472 5564 84
6699 3983 9
4125 2322 173
235 4541 9
235 3954 9
235 2349 63
3954 4077 3
6645 5791 5
6237 5132 91
6870 6855 149
2031 5169 91
431 5564 84
3458 2350 173
1884 3659 80
5803 1243 63
1512 7307 172
217 5313 10
1558 4974 9
1558 1589 172
3437 7621 63
4903 7245 12
7009 4266 145
816 5351 9
6222 6642 9
2300 7115 106
5828 6272 172
6626 3460 91
255 7123 149
4769 6234 173
3775 2232 9
2071 5104 80
5231 6033 91
7497 7467 118
4463 7403 125
6791 3678 81
5962 4732 91
4238 3824 118
468 404 91
4979 3014 11
4195 2043 63
2941 983 63
6869 2350 173
3386 6153 63
3989 5265 84
4576 2408 80
6658 5797 3
2893 5967 9
3226 8006 172
1250 4446 53
5474 6880 187
2711 3385 63
1156 751 173
6715 2443 148
5652 658 3
6271 4913 8
5633 2538 9
976 2385 80
3292 1599 3
38 2408 80
7604 7166 199
7604 4830 199
2109 2859 184
4136 255 91
5530 281 84
2868 6877 53
4870 4992 91
923 5973 172
3662 1987 9
1360 5835 172
1234 5514 9
6674 6445 5
4823 6842 51
6424 4122 172
4512 574 53
3502 703 6
6097 3621 199
2617 419 3
3430 5266 84
6648 1387 3
2999 5911 84
6560 273 91
4034 4284 138
4296 2623 31
6639 5824 5
7473 6862 91
1467 4758 91
6685 6597 63
6736 5912 91
5164 2748 63
2324 2168 3
5008 3215 14
3289 3388 80
4092 5385 9
1932 4648 91
2201 1875 39
7545 6990 118
4964 4868 3
4318 2300 81
5092 4747 150
4357 4422 80
4357 4660 80
7149 7073 173
1046 2424 10
6290 7167 3
6290 6829 3
2644 5630 91
6492 6504 6
2197 4460 133
644 5465 173
6013 3465 91
6259 5242 63
5142 249 53
5157 4450 53
4569 4648 91
4701 1061 51
1275 4030 53
2745 4381 91
4324 1670 194
1677 4192 80
2696 6560 63
1942 1492 138
5543 3465 91
4416 7177 80
4544 3758 3
1911 1047 9
1870 5416 91
2345 1575 118
3623 2201 183
233 2363 172
5783 5438 6
5912 7151 147
6156 5933 84
4159 2389 173
495 1499 63
7657 3966 9
4214 900 2
1242 4103 53
3288 4675 3
5535 6527 3
4170 1047 9
6595 6986 91
6490 4492 6
4787 380 11
6882 3444 9
2527 4544 9
5134 2322 173
4518 6322 9
497 5829 9
4864 4067 150
4864 2377 150
3052 4257 91
2415 4449 53
4205 5544 84
283 2443 144
5111 4862 126
2060 5465 173
1236 3891 53
3777 5911 84
5124 7120 53
2008 6027 91
4139 2322 173
3790 1558 31
5388 3818 3
6261 4450 53
2850 3313 4
2600 6686 3
3718 6781 172
127 3116 173
6141 4018 11
5516 6158 3
3294 5871 173
4211 2811 3
5711 404 91
590 6643 9
2782 4870 3
6324 7060 63
6325 4246 63
3785 1450 104
2848 2121 84
6624 4638 91
2918 4232 91
5233 5871 173
363 7460 173
2658 5544 84
3457 2628 84
4185 5851 3
6204 4230 6
1689 4736 53
6205 3508 14
4380 5030 200
4239 6827 118
6634 2838 5
6634 4906 5
4420 4817 91
4800 3280 32
128 1122 53
5880 6315 118
1450 5194 104
2256 2332 81
578 3173 80
299 2322 173
3464 2389 173
3385 4751 80
7682 4755 81
685 4450 53
93 5544 84
191 1987 9
3256 899 104
6677 1227 91
6642 4441 5
2856 4587 81
3760 3258 91
5775 3119 150
2820 1087 150
3384 2300 81
4921 6234 173
3618 255 91
4547 4992 91
5351 50 3
5416 7741 118
5416 7764 118
5416 3511 118
3124 4082 150
7828 2595 13
5267 273 91
5551 5111 150
3547 1503 84
4484 7346 118
5988 7122 149
4284 5391 9
6647 5328 3
6647 7592 3
3300 1503 84
5210 1400 80
4158 2642 184
6665 3886 91
235 1864 63
992 986 63
7749 1866 200
5168 916 80
791 5996 10
2363 4379 118
610 4583 9
247 5988 150
6744 3638 160
3224 6241 173
7601 6576 80
6626 6312 91
1744 2106 53
6345 943 80
4877 5067 117
4528 6622 63
6676 1196 91
2390 3100 51
7570 795 3
4627 2856 63
260 945 10
5884 2300 81
956 4748 53
2692 2350 173
2112 6235 84
926 5930 9
1987 419 3
3383 440 63
6400 2300 81
728 4097 199
728 865 118
3807 526 173
5306 2389 173
5078 5630 91
4545 3072 3
3008 4812 147
4443 3119 91
4443 3468 91
4443 4459 91
5059 2051 10
6511 7699 172
3666 6362 173
4940 2749 91
6635 5650 3
6587 4257 91
3291 6402 3
3793 5389 9
3015 2300 81
4221 4208 63
3031 1949 10
3407 4459 91
4234 5214 191
564 7996 63
3292 7954 3
2835 1120 91
6210 5111 91
4257 777 149
1743 4450 53
6527 5912 91
1188 5968 9
5302 5564 84
923 7073 173
3633 5532 63
7183 3506 30
886 3259 173
678 2621 4
3594 5214 191
6122 1866 200
6670 943 80
4796 1770 185
3282 3649 104
451 7587 11
6254 473 63
3430 1087 91
3430 6862 91
5229 6026 125
3480 2628 84
4460 1517 138
6648 5746 5
2879 3259 173
6953 2505 80
5104 3407 129
1895 2152 14
6640 4905 5
626 7073 173
4589 4747 91
4589 4758 91
2829 3119 91
2408 3730 129
4672 6025 150
6639 4905 5
3473 1081 126
6564 3438 9
5522 2300 81
1979 4767 4
5968 2901 3
1664 3522 63
1819 5214 51
2010 5544 84
4092 5528 9
1932 4992 91
942 7587 63
4964 1312 3
591 2219 3
4835 4459 91
6795 5157 118
386 3300 63
6596 5988 91
1197 6234 173
39 6759 80
7024 751 173
583 5111 91
6290 5574 3
1719 4186 9
734 2322 173
2781 2657 3
6492 5198 6
476 2322 173
5009 3119 91
5484 900 80
5790 6072 6
368 6140 63
6244 4747 91
4324 956 185
4746 4007 126
6175 4531 81
7209 4660 80
189 416 173
6667 6986 91
4766 526 173
6754 55 117
4458 2628 84
6068 6740 80
2958 2903 172
6644 5830 5
5520 1979 13
2499 5930 9
6525 5564 84
6525 4232 91
2965 5911 84
2965 1740 84
6306 2350 173
4410 1601 84
5015 7073 173
3966 3466 3
3588 2628 84
5020 6234 173
3333 7226 13
2368 4755 81
6595 3279 91
1133 2322 173
4112 5361 129
1822 3373 63
1364 751 173
382 6234 173
2063 4484 172
4864 1120 150
4864 328 150
5119 749 111
4366 7675 118
3504 2106 53
4749 2322 173
974 3182 9
4066 5086 32
2358 6608 9
2272 3251 3
2060 1942 133
924 4951 172
6809 2300 81
7025 4417 9
7025 5964 9
6131 1503 84
1009 6153 63
1266 6648 9
962 2300 81
537 2441 144
5181 3678 81
2438 2322 173
5445 4831 6
7238 3973 172
6746 510 147
902 6027 150
6758 5419 13
3965 6235 84
684 4638 91
1480 1476 31
6408 5979 3
6394 273 91
6980 2614 13
565 4974 9
6896 936 185
5904 4439 9
5711 3462 91
6794 3119 91
1813 5526 53
3612 7511 173
2259 2816 199
2259 1866 200
3441 3649 104
605 3981 191
4369 588 126
7820 2442 144
1559 6518 63
4308 4743 117
695 1854 9
695 3165 131
695 5871 173
7880 4153 126
6729 2052 199
6697 1222 10
6634 5342 5
2509 2790 9
2509 6747 63
5533 4213 133
4272 4471 91
1657 2563 129
1657 2611 129
1657 5348 129
3249 2322 173
2359 5517 9
2489 2491 63
513 3739 11
7131 4593 146
4878 2787 184
1196 2442 148
5424 5195 4
5031 1087 150
2570 863 31
7228 5205 80
6642 4162 3
6642 6694 3
4208 1244 84
6308 1548 10
5775 4089 150
4432 6051 84
6027 7610 118
3384 404 91
3563 3259 173
6583 5544 84
2409 2232 9
1818 281 84
5961 3919 81
5014 3904 150
5687 2749 91
5416 7754 118
5416 887 118
5416 5139 118
5641 5911 84
6194 273 91
5469 3981 51
3997 5205 80
4693 2903 172
820 6608 9
1017 4493 63
5361 4112 80
6614 1309 53
4671 805 111
5511 5988 150
2532 2373 3
4439 2930 3
6665 4257 91
2890 2322 173
7812 6645 9
5013 3258 91
4243 5930 9
1189 3013 63
1189 4024 63
792 6033 91
6222 6296 10
6128 2408 80
1744 3655 53
5796 2749 91
5329 2300 81
1327 4256 9
6676 3258 91
1555 5858 63
5969 5107 4
1177 5105 63
7570 823 3
5636 5965 9
485 2300 53
4463 2442 148
3820 4366 118
358 526 173
5884 4491 91
8015 4365 63
173 4150 136
5885 3279 91
3895 3323 80
459 3891 53
4195 1254 63
87 2340 53
6409 3054 3
6409 1764 3
3734 3624 9
1530 1524 10
4523 667 200
6766 6341 53
6579 7177 80
6635 6018 3
2082 4103 53
5495 1036 6
5994 71 32
3105 5528 9
4798 482 10
4501 5912 130
6601 3891 53
5652 5183 3
7988 2749 91
5385 5538 3
2565 943 80
4607 4758 91
7219 6862 91
6983 4141 3
6534 2377 91
2111 6642 9
5145 7897 53
564 5528 9
2835 5912 91
561 3636 5
4775 255 125
810 1657 207
2657 5544 84
5740 6732 91
4980 4172 172
5156 574 53
4333 658 11
7283 7277 117
6395 5564 84
5276 3259 173
3430 2994 91
6640 7005 3
2458 6234 173
5162 2385 80
256 2474 11
4556 5227 63
5574 4779 84
3289 5911 84
4092 4443 63
2201 2535 184
5197 18 118
6075 6317 9
4757 4236 172
546 1292 172
2242 2322 173
7907 6229 39
6596 6027 91
4992 6855 149
2522 2394 6
3141 3892 173
4219 1714 6
1630 5465 173
6290 4907 5
309 2322 173
4610 1077 53
2781 2205 3
2202 2300 81
4569 4637 81
5384 1935 3
1986 7080 136
7021 5653 9
6611 5104 80
6065 1041 183
4222 1056 173
6175 6235 84
1942 5513 138
3720 6421 63
2435 728 172
7607 2322 173
6644 2522 5
2686 3621 199
2942 1746 80
3623 185 172
5642 5650 11
6402 2639 84
2361 7160 172
4372 4862 126
4372 3311 126
5101 3609 10
5912 2442 148
5912 7151 149
899 5703 9
6657 5786 5
4088 4189 118
1841 2101 172
4073 3919 81
41 5544 84
4160 5416 91
2564 4755 81
6014 1842 173
7591 2300 81
7033 5871 173
7067 834 51
7158 4494 145
4789 692 173
4847 1638 185
6951 1120 106
2854 5544 84
3936 323 32
3925 5116 160
5060 2322 173
6701 2749 91
5111 805 111
6687 4747 91
4404 3388 80
1317 2903 172
4430 4671 91
1336 255 91
6197 2300 81
5279 2628 84
5733 6862 91
3729 3730 63
2680 323 138
2225 1153 10
2600 6780 3
1440 102 81
6834 1244 84
4405 6341 53
1480 5829 9
971 615 191
6215 3119 91
7847 7073 173
709 3532 63
1149 7094 118
6694 2749 91
2910 5416 91
5630 7626 118
5964 6710 4
3770 255 91
6324 6640 9
3144 7131 149
2773 4544 9
5436 1120 150
7632 2408 80
5483 2725 160
5483 7009 149
4838 3754 63
5681 3945 63
5650 2300 81
414 5688 10
4525 4671 91
3505 7530 118
6634 4977 3
2509 5529 9
2509 5516 9
3466 4422 80
6975 3621 199
5558 222 8
815 4186 9
5228 3077 104
787 4715 51
5250 249 53
450 1842 173
513 751 173
3980 2000 39
1038 7460 173
1947 5104 80
3206 3481 91
2634 4404 3
6677 6235 84
6642 2111 4
4441 3971 6
3760 4817 91
3813 958 185
2615 3279 91
7858 4450 53
32 5111 91
5282 4751 80
713 7177 80
464 3758 129
5416 6880 118
5188 3042 91
5188 6027 91
4332 4793 63
462 2322 173
2956 3409 80
4083 3886 91
2662 4185 9
3839 2532 9
4194 5448 51
6647 7988 3
6647 4347 3
6647 5664 3
4455 6861 32
2532 6626 3
3522 2300 81
2077 72 104
1296 7177 80
4110 5465 173
2983 6508 53
3805 4289 199
3954 578 3
6645 5744 5
3511 6508 53
2363 5353 118
1558 28 63
1749 3292 9
4204 5516 9
4242 1126 6
5013 2639 84
5013 2617 13
5873 7700 172
3835 1569 53
4849 3921 185
5132 805 111
2785 6623 3
5796 5564 84
7243 3323 80
1255 2029 53
6780 2483 80
7060 2300 81
433 5965 9
4106 6362 173
2418 3182 9
6783 4747 91
4299 4988 91
2294 4584 63
7130 46 3
1458 5871 173
5734 6234 173
173 2322 173
1918 4817 91
5885 5104 80
3445 2609 9
126 5465 173
1446 2101 172
5726 1503 84
5306 6234 173
7906 3516 191
1453 6234 173
1871 5526 53
4443 6862 91
3989 4638 91
6919 2101 91
706 3465 150
5170 4417 9
5623 4446 213
6658 3818 3
5000 2984 63
5996 4964 9
4465 3016 118
1422 6234 173
6635 7002 3
6577 3481 91
242 751 173
5994 632 27
51 5969 9
5289 4752 207
3182 2679 3
5385 5167 3
4607 5114 91
6049 913 118
7219 5503 91
6983 7167 3
2538 4288 3
1838 6234 173
5208 1746 80
5740 1503 84
767 2792 9
1062 1077 53
6211 4232 91
7635 4422 80
4735 1987 9
6661 7180 118
4819 2300 81
3583 2377 91
3791 5703 9
5394 4780 150
6946 2377 106
6560 5912 91
1622 6645 9
4589 3461 91
6732 5854 126
4948 6027 150
6639 4147 5
5073 3745 63
7500 7417 117
1664 4933 9
5574 5912 91
5688 4408 63
1175 5654 9
2627 4257 91
4964 3205 3
5312 2300 81
5092 6801 150
6596 255 91
4992 2441 148
6290 1933 3
6290 34 3
4429 3393 4
7577 857 104
7577 526 173
3375 2322 173
3789 4678 191
279 2984 63
4785 6986 91
4785 4232 91
6135 2994 91
3533 6608 9
7027 2472 104
2593 5911 84
1942 323 138
4033 249 53
4544 3015 3
5451 404 91
3389 916 80
2280 5652 9
2749 7178 149
6643 6829 3
1482 7460 173
5143 1970 53
3418 3422 63
41 2300 81
1242 1122 53
5514 2962 4
6595 1503 84
5690 2300 81
304 1124 10
3865 1764 3
635 3073 10
3448 7081 142
4789 5829 9
586 1061 51
1474 2240 9
4847 1742 185
4847 7858 185
2124 6896 183
5485 5452 3
6713 3620 199
6641 2848 3
5111 5408 118
2272 206 3
5161 1746 80
7379 3461 91
2955 3196 63
6687 3913 91
1238 6025 172
2046 1061 51
1916 7128 6
766 3456 9
3790 4211 9
962 3766 91
6872 1122 53
5725 6791 63
6389 6521 53
3658 2408 80
3349 4422 80
7238 3732 104
4892 2322 173
2356 5529 9
7240 4836 104
2600 6350 3
1486 3259 173
4932 2322 173
7631 7177 80
3045 5544 84
5976 2385 80
3653 4422 80
5853 1244 84
3216 6609 9
3030 6454 117
1361 5654 9
325 2764 9
5930 2901 3
6136 5912 91
2136 6759 80
5916 7029 27
3187 2616 3
5083 3279 91
5083 4638 91
467 6801 91
467 4817 91
3482 751 173
1579 5250 118
7880 4472 126
6729 3620 199
1485 2239 9
5533 3446 133
4272 4638 91
815 328 172
6064 728 172
2256 5630 91
2088 4545 9
2908 2910 63
7151 4864 146
2231 6157 4
44 6312 91
2273 3304 4
4878 615 191
6118 3119 91
4675 5266 84
3706 195 173
6677 3481 91
6642 7678 3
6642 5167 3
2820 5111 150
6027 2441 148
4413 4270 118
4840 5503 150
32 2505 80
6034 7159 118
5956 5912 91
5416 1313 118
5416 4661 111
5416 4747 125
5641 4587 81
2986 115 138
3136 2408 80
1906 591 9
1906 7382 173
2383 187 53
3023 2300 81
820 2071 11
6871 2443 148
6646 4904 5
5988 6825 160
2572 5528 9
369 4355 172
6892 5434 185
2077 6609 9
4535 6374 6
3178 2350 173
4158 3759 184
3121 196 10
3954 3818 3
816 6038 173
1744 6508 53
2838 4346 6
3233 2229 9
1531 3083 104
4730 3881 30
2195 1061 51
821 2851 13
3613 3126 81
5340 3837 6
956 1899 53
4684 7511 173
1509 2464 172
1972 3085 53
1286 2847 9
6913 1061 51
5517 3357 3
5190 1433 104
468 339 91
5257 5116 160
4979 6325 31
6020 7417 118
5936 141 172
4104 7226 13
6886 4602 185
4545 2720 3
2941 3644 11
5109 3473 117
6737 5728 9
1805 3444 9
1889 2563 63
3989 6986 91
3989 5114 91
1386 1075 53
4448 2442 148
1982 6696 4
6658 6284 3
6658 86 3
6658 5824 5
2893 5658 9
6208 2408 80
6208 6027 91
6635 869 3
5723 5265 84
2903 7165 199
5994 1897 32
3291 5217 3
3291 2658 3
182 2990 63
4082 7007 147
6534 1582 91
1633 5871 173
446 2300 81
2902 6634 9
2902 751 173
6018 2830 84
7081 1128 138
3292 7828 3
3292 5468 3
2538 7997 3
7604 4289 199
7604 667 200
2807 5297 3
4136 5988 91
5121 3888 53
4257 1253 111
3324 5820 9
2614 1118 3
2614 5510 3
4630 2408 80
4630 2121 84
4630 5911 84
3166 6312 91
6395 5503 91
5678 5528 9
3248 248 172
669 6375 126
6097 4097 199
7559 2397 53
2617 2745 3
6648 3653 3
5693 3279 91
3610 6235 84
2016 2192 53
6640 5538 3
256 2474 63
3674 3265 138
4672 1235 150
5546 332 150
7473 5544 84
4885 5503 150
6287 5912 91
789 2798 9
4092 3251 63
3262 4427 63
3908 2628 84
1854 450 4
1085 2322 173
1085 4683 63
6135 1690 91
5009 4732 91
1369 5564 84
6598 3913 91
1717 4740 53
6611 4732 91
1087 2441 148
5654 3901 3
1993 6234 173
5543 4780 91
4544 2128 3
1476 687 9
1476 1480 31
3368 7858 185
3267 4034 142
2345 3158 118
908 5526 53
6525 3481 91
6356 6694 3
6657 869 3
7657 2322 173
3966 4430 3
1908 6234 173
5330 3913 91
2404 2917 10
2757 709 4
2051 1599 63
5755 2757 9
4256 5106 3
6816 1706 118
4864 3258 150
4366 1747 126
4768 2634 9
3748 2952 63
2293 7887 118
3052 4732 91
2432 5262 63
6612 5988 91
5111 1859 118
5111 212 118
3624 5497 3
4621 2805 9
329 5544 84
6623 1087 91
3658 4732 91
6706 1746 80
2271 911 3
2860 4103 53
3128 5116 160
1459 2483 80
3297 6715 150
1131 5652 9
4533 7511 173
1606 5578 53
7575 6609 9
4839 2005 39
565 2722 63
1182 2350 173
5027 4448 91
1149 7705 118
2633 2631 3
3682 1122 53
524 4500 173
5242 6027 91
380 943 80
4588 6607 9
5695 4494 91
5695 1227 91
5347 4289 199
1990 2696 6
2557 2322 173
467 2994 91
4122 7480 118
5619 5911 84
2017 4450 53
5093 2322 173
1143 6234 173
3505 7529 118
3377 6948 172
6209 2300 81
1787 3063 53
3556 3259 173
5558 1086 80
3134 2322 173
7204 3119 91
4973 4078 106
4742 678 9
7052 5452 63
3980 2787 184
5769 6283 63
1947 2300 81
6454 4661 111
3230 751 173
3238 3498 9
3256 5530 11
5418 424 4
696 5829 9
3558 2385 80
5129 5416 91
2558 5911 84
510 3481 145
5411 3791 10
4840 4257 150
76 4740 53
4606 5912 91
4606 4821 91
1495 2322 173
6495 5773 6
5416 171 118
3073 7822 63
2986 1474 138
261 5653 9
4966 1087 150
3673 6742 104
1949 4383 10
463 2680 133
2003 3965 11
2431 5391 9
3281 678 9
2290 3861 51
6647 7231 3
306 5529 9
5080 1493 10
5199 7018 118
4110 2231 9
2096 3323 80
4125 6173 10
2510 5448 51
1490 5607 63
837 3255 53
1977 5636 4
1884 4192 80
2363 1667 118
5801 4580 9
1749 4460 136
5985 4494 91
1513 2322 173
3631 3885 2
3210 4058 126
5329 2483 80
741 7913 104
4807 416 173
6317 39 3
3644 7177 80
7570 6757 3
3664 6362 173
6724 2749 91
5899 1500 138
1300 6234 173
59 1746 80
5884 716 91
570 4386 199
2032 1450 104
2304 3655 53
4148 6241 173
3215 5008 11
1987 300 3
6400 6986 91
6804 1460 118
5243 4456 91
2837 6629 6
1153 678 9
4032 5249 118
6790 4236 172
4133 5737 63
1791 5214 51
706 4278 150
6579 5111 91
6658 2522 5
6511 6783 63
1494 5465 173
1802 5630 91
6635 6927 3
5341 2790 13
6715 4278 117
4607 943 80
4221 4208 11
5633 719 11
2845 2322 173
6553 2628 84
2780 2174 3
6805 6241 173
2981 2790 9
2417 3624 9
2847 4675 3
1502 5964 9
6674 4906 5
6670 3258 91
3728 5673 104
305 6222 10
3555 4964 9
4460 3224 138
7571 5104 80
4825 3461 91
6640 1764 3
6640 5791 5
6087 6718 12
3189 4251 12
4654 645 10
4654 1564 12
6895 3187 9
707 1623 10
6675 6235 84
4672 4817 150
6732 2994 117
4562 3841 185
3473 4153 126
7473 255 91
1881 5930 9
722 2903 172
4885 4990 150
2395 4083 63
2722 1740 84
4397 3865 9
3787 571 63
942 4539 63
5240 4567 53
1811 2408 80
591 3190 3
748 2101 172
6290 37 3
7577 2796 63
3185 4422 80
7308 7295 118
2644 5911 84
2644 2300 81
4042 3638 160
1795 5516 9
4732 5082 118
1369 2628 84
3451 5912 91
7021 6068 63
42 5111 91
2745 1087 91
2089 2514 63
3543 834 191
321 7122 149
6833 4450 53
1942 1533 138
1042 6234 173
3979 4408 63
1544 2322 173
4676 249 53
4676 4450 53
4544 5282 3
4905 2252 6
4729 4661 111
5665 4974 9
6672 1196 91
2345 1948 118
233 6377 9
6402 5349 84
6402 3119 91
5077 2628 84
4410 5544 84
5015 6937 11
5793 751 173
1841 5654 9
6862 6855 149
2579 4732 91
2579 6033 91
203 1975 9
203 2234 9
203 1586 63
5330 5988 91
7617 4544 9
2851 5918 4
2402 5658 9
4518 6234 173
4847 1909 39
4864 3051 150
4864 4927 150
4864 4459 150
4864 2992 150
1311 3945 63
6322 3111 3
6322 5008 3
1289 5258 53
5201 3348 118
2946 3211 38
4709 3733 10
5816 2847 9
3337 2579 63
1868 6207 63
5111 539 118
1588 3259 173
6687 5911 84
4404 2121 84
6654 2903 172
4969 2300 81
7025 6624 63
1009 5388 9
962 4232 91
5338 2554 187
5277 1594 173
6706 5104 80
3961 591 9
3595 322 91
4096 5880 172
559 1227 150
2600 6193 3
2609 5421 3
3297 3479 150
902 3258 150
4991 2994 125
7186 2710 9
1103 7460 173
3604 3211 38
5382 6673 3
6782 6862 91
6136 2300 81
1339 2385 80
5436 5169 150
3280 4835 63
5820 6209 3
1279 2350 173
2918 6033 91
6666 3460 91
5237 6234 173
3029 5988 150
6634 6402 3
5169 4661 111
4313 7938 118
4272 3468 91
1299 5104 80
985 1303 172
2436 615 51
1657 4282 129
3798 2300 81
5409 1380 129
4141 2628 84
1926 1081 126
7682 2766 13
1831 6732 91
2634 3289 3
6959 2628 84
6710 5964 9
5775 5158 150
6027 2576 118
3026 7177 80
4606 1227 91
5282 4456 91
713 2883 81
3124 4927 150
780 4029 53
5267 5416 91
4966 4232 150
5489 354 145
4232 7179 118
4232 7830 149
2374 5170 33
2803 4456 91
1728 3291 9
1610 2602 184
369 5465 173
6647 4276 3
4596 1118 129
6892 954 185
737 2300 81
2244 3292 9
1296 5564 84
5855 3291 9
4125 6234 173
2621 6241 173
3954 5857 3
3954 405 4
6645 2834 5
3902 2245 12
5168 1740 84
1884 2851 13
1517 2322 173
4580 5747 3
3395 7460 173
4563 3936 172
5186 7166 199
792 4459 91
4541 4208 3
4541 6191 3
619 6629 14
4961 4007 126
6317 6209 3
7570 5162 3
1851 5768 63
4608 7790 172
1300 3259 173
4299 3461 91
1458 2327 173
2809 7160 118
4631 2486 13
6904 2598 103
3642 1740 84
5782 5203 6
4985 281 173
5965 5337 5
4936 5578 53
5771 6862 91
5908 6033 91
5243 6033 91
6155 2322 173
2953 5699 63
6597 2749 91
1889 5726 63
3989 4648 91
5550 2483 80
5550 943 80
7660 6234 173
594 7028 27
6208 4648 91
6635 2368 3
5495 2054 6
6587 5114 91
3291 5562 3
2886 3414 63
3402 2300 81
7598 5131 63
7669 261 14
6060 1388 27
1764 1086 80
2538 6402 3
2538 7828 3
561 6246 5
2109 2787 184
769 3913 150
5740 6312 91
5740 6870 91
6302 4142 172
3166 6986 91
3166 4232 91
356 3292 9
757 4403 172
6670 5114 91
7594 1244 84
2840 6072 6
3728 4989 104
5140 1061 51
1816 583 11
3430 4456 91
345 5116 160
1832 6030 91
3583 4747 91
4489 3747 104
5098 4552 80
5098 4232 91
1380 5564 84
6732 61 149
5546 404 150
7473 5911 84
6802 4494 118
4885 4463 150
4885 4203 150
5454 4771 172
5240 3453 53
1506 4211 9
591 5695 3
3051 3638 160
2784 619 3
1325 5703 9
1385 3757 63
3366 4552 80
6290 2173 3
3926 751 173
602 5653 9
5458 2712 9
6881 2441 144
6714 2749 91
5715 7073 173
4132 3042 91
6259 6562 63
6286 3460 91
4324 2536 184
6954 496 11
5654 3694 3
4184 6632 3
4346 751 173
4416 6235 84
6253 7028 27
4996 1244 84
1148 5256 51
7658 2300 81
3869 2983 187
4767 5299 11
4833 4211 9
6402 2994 91
2749 283 149
5912 5854 126
6657 7680 3
3966 2677 3
2052 3621 25
2825 5575 3
5005 2327 173
4160 5564 84
3769 5544 84
5661 1092 91
5535 5452 3
2404 3045 63
6882 5518 9
3865 5664 3
635 4853 172
422 5116 160
6488 596 6
6910 3323 80
7574 5871 173
4826 5116 160
5861 619 63
5111 1391 118
924 5658 9
3624 911 3
3624 6953 3
5198 6312 172
6687 4927 91
5124 4755 53
5813 2300 81
4401 4482 63
5335 393 6
5842 6642 9
294 3908 63
193 2322 173
2356 1677 63
5279 6235 84
5130 4991 117
1440 6235 84
902 3465 150
5374 3259 173
4801 4459 91
5389 2960 4
1149 7741 118
6694 2505 80
854 5911 84
2774 3474 4
6794 4751 80
6203 3643 5
5242 273 91
4314 994 32
6178 1244 84
5695 6580 8
2155 3756 10
4213 4388 142
4950 2639 84
4146 2439 53
4525 1120 91
4420 404 91
2509 2798 9
4063 7073 173
3766 4638 117
5664 5104 80
1657 6567 129
1657 6215 129
1657 6944 129
3452 3465 91
3452 4671 91
7052 6640 9
2812 1400 80
4831 2903 172
2709 834 51
1817 3954 9
3760 2300 81
5775 2912 150
4724 6290 9
3711 751 173
2615 273 91
5177 5116 160
913 1122 53
2297 4780 91
4262 2154 81
4547 4747 91
2004 255 91
5840 5626 63
1228 1244 84
5416 1761 118
5416 1170 118
5416 5569 118
3781 5912 150
261 2532 9
5468 1196 91
5475 4568 63
3257 243 32
3257 7183 32
6646 5536 3
1538 692 173
1951 5564 84
5487 2628 84
1296 2300 81
582 5465 173
6923 2610 9
2372 805 111
3991 6051 173
6191 5630 91
6191 2994 91
5038 2154 81
6043 332 150
4204 4419 63
5473 5079 51
3378 5564 84
6792 5654 9
1189 4021 63
975 2408 80
3647 335 63
7601 399 80
236 5514 9
7578 2300 81
2619 2350 173
3562 2238 9
3562 7511 173
4229 7435 118
6243 7511 173
5753 4446 53
6022 2322 173
2470 4751 80
4463 7006 149
4889 3373 63
468 4821 91
1987 5614 3
459 6341 53
1804 6642 9
5726 4751 80
2714 7460 173
7061 5911 84
7061 2628 84
4590 2300 81
5078 273 91
1453 6634 9
4443 943 80
4443 1690 91
7164 2240 9
4249 2781 9
243 2341 63
4304 3591 3
6579 6027 91
6658 1713 3
6658 5622 3
7994 1982 13
6452 632 27
850 2121 84
6587 4992 91
182 4110 31
4798 4964 9
6983 2364 3
6983 2373 3
6534 3461 91
6029 6341 53
2219 2830 84
564 2322 173
5812 5528 9
2835 4747 91
114 751 173
2035 5911 84
945 3438 9
4870 4671 91
2614 434 3
3446 2133 138
5740 4456 91
5560 4979 45
5114 4661 111
943 42 129
6174 5989 117
3188 1503 84
6674 5825 5
7822 6647 13
3265 7706 172
7532 7531 117
5883 2300 81
5104 1299 129
6640 4147 5
5162 5205 80
4997 5566 160
2394 3288 9
4034 3267 142
1985 5438 4
6296 6222 10
5546 3460 150
7473 2300 81
6820 3042 91
2151 5564 84
6157 2231 9
2324 30 3
5968 819 3
6568 2322 173
1811 5912 91
4964 3412 3
4964 3490 3
55 6754 117
591 5575 3
129 2322 173
2522 432 6
72 751 173
7024 4974 9
4977 3624 13
5456 3259 173
2478 5630 91
6290 5788 5
5323 2389 173
1788 5214 191
7577 5381 9
3359 2322 173
5528 3610 3
2644 298 91
1237 2229 9
4970 812 129
1937 4787 10
4491 4812 147
3503 5544 84
5832 1400 80
4569 4494 91
1493 7382 173
6954 3385 63
3304 2273 9
5049 1909 39
1042 5242 63
7023 6234 173
3869 391 187
4767 259 31
1870 222 8
6672 6312 91
6026 774 125
3160 5544 84
5143 2190 53
6593 5111 91
3500 6033 150
4073 6235 84
203 2236 9
3769 1601 84
1893 6648 9
6312 1835 130
3626 6877 56
2874 4083 63
3865 2744 2
210 6879 117
497 3498 9
4847 3869 184
4864 6870 150
1028 2903 172
6223 2236 9
3052 3119 91
5201 7269 118
5709 3109 10
5709 2322 173
6641 4907 5
864 4089 150
5111 178 118
4836 3223 104
6809 5564 84
4969 1746 80
4774 4567 53
6623 6806 91
4430 6862 91
4963 1388 27
4568 5104 80
4090 5214 51
7539 7541 117
5445 5307 6
3658 5544 84
7911 7858 185
5335 6629 6
6693 2300 81
946 2903 172
5497 5419 13
4096 5658 9
2600 5908 3
2733 1795 10
7214 916 80
621 6732 150
5389 5538 3
2224 4637 81
1182 2322 173
2824 4660 80
4527 273 91
6162 4448 91
6694 6986 91
4211 5329 3
2633 6726 3
379 3259 173
1132 5465 173
4503 3155 63
5377 7790 172
5083 2300 81
4252 4216 4
4481 900 80
5820 5468 3
843 2100 63
5438 3954 9
7813 5965 9
1579 4153 126
1579 4366 117
3478 5555 213
363 678 9
1396 751 173
4185 2373 3
3364 4076 10
3987 3489 9
1346 1942 142
1825 7460 173
6634 4348 5
5169 7007 147
4084 6881 149
4272 3323 80
6941 1121 91
128 4446 53
1657 2067 129
1657 1950 129
4140 6740 80
2758 2546 4
2256 6986 91
3385 1503 84
1245 4587 81
6118 2994 91
6691 5654 9
776 2442 144
5272 2628 84
6642 2203 3
5975 7177 80
5775 273 150
449 4097 199
5602 1503 84
6027 3944 160
6027 5566 160
5966 6646 9
3384 3461 91
3563 2389 173
4547 3042 91
5416 7778 118
5416 1602 118
5416 6590 118
6933 751 173
4319 4272 63
3124 2380 150
6082 3621 199
4966 4821 150
3997 2408 80
3023 943 80
2970 3492 63
3705 2240 9
3322 7177 80
4083 5169 91
369 1924 9
6647 4242 5
5434 4039 53
374 30 63
1497 663 9
275 2689 53
5199 7277 118
880 7226 13
4055 2790 9
5066 3404 63
2363 6010 118
1761 4030 53
4580 1846 3
4242 450 6
1359 5911 84
7584 2609 13
5575 2823 13
5175 7297 118
3647 2322 173
2785 7618 3
5796 4232 91
2562 1244 84
6243 5699 63
5753 4738 53
4475 7883 80
2811 2154 81
575 2992 150
1742 4029 53
8000 3119 91
6591 7416 118
907 2385 80
2624 893 187
3820 4031 118
5884 4817 91
979 2322 173
7130 3050 3
7130 5534 3
3054 6862 91
7163 706 214
468 3481 91
3642 5266 84
1987 86 3
70 4436 9
4263 1469 118
197 3674 133
790 3818 63
5078 1120 91
5889 1273 118
5243 4448 91
3008 6825 160
4531 6746 106
1805 2825 9
3989 2628 84
3989 4587 81
5895 2408 80
4814 3638 160
1012 5416 91
6006 2825 9
2893 6643 9
5495 765 6
3291 5796 3
3291 5572 3
6489 5104 80
997 3100 191
6983 3052 3
5452 5911 84
3407 3481 91
2219 1244 84
2835 4648 91
2835 3461 91
2614 3641 3
5740 3461 91
943 6345 129
678 6987 4
3114 1061 51
385 3085 53
4593 4747 150
156 2532 9
6640 7679 3
4046 849 117
4589 273 91
6441 7511 173
4997 6825 160
5283 2389 173
6296 4569 63
6564 2235 9
4602 7247 53
6736 3279 91
3412 4192 80
2324 2762 3
5574 6986 91
5754 2994 172
2666 4627 12
6596 3042 91
1654 4103 53
1714 2165 11
5528 5091 4
2781 1336 3
6607 2665 3
5724 104 91
5090 6234 173
1593 7081 142
6259 2322 173
4043 1400 80
5662 2300 81
3914 1446 33
6611 5114 91
2745 4821 91
3952 692 173
7556 5041 9
2623 4296 31
6833 1402 53
5722 2749 91
5110 739 9
1226 6700 12
4554 943 80
2942 5984 80
4853 4830 199
2736 6234 173
6078 3678 81
3358 2624 184
6657 3945 3
3176 5416 91
3966 6923 4
2036 943 80
1256 4186 9
7036 2038 118
5545 4567 53
3277 6241 173
6529 5871 173
2757 310 3
2360 3452 63
3865 413 3
7158 321 145
1473 7073 173
6612 3279 91
3624 7228 3
1236 4103 53
3777 2377 91
5445 5059 6
4126 3762 104
6512 1716 172
7628 1244 84
5359 1063 32
5041 3694 3
684 4257 91
1496 2322 173
6394 4422 80
2521 5416 91
5488 663 9
4549 2628 84
5389 2706 4
5853 2749 91
3009 4581 63
7026 2979 63
6162 3481 91
5382 5344 3
4344 3255 53
3770 6235 84
3770 2740 84
2782 5484 3
2848 796 80
2155 2080 172
7632 4660 80
2259 5030 200
3339 3659 80
467 3460 91
4369 1081 126
4950 5544 84
1126 2613 63
2738 5169 91
1428 1842 173
2836 3331 6
414 5151 11
3377 5880 172
6937 3258 91
6209 3780 91
1124 3045 63
6294 3669 10
6212 5104 80
4817 3620 199
1657 949 129
2791 5447 3
6533 2385 80
1419 5529 9
4187 6762 5
1210 2600 9
5772 6862 91
5320 4551 63
6308 5515 9
5775 3462 150
2558 6759 80
2558 5564 84
2209 795 63
3846 6176 129
7142 4885 214
3191 1014 63
2297 2749 91
7640 3187 9
2985 6642 9
5903 5657 9
6878 2628 84
5351 6917 3
5928 3357 3
5416 4676 118
3124 4042 150
5188 1503 84
1629 6312 150
5267 4030 80
5988 5630 130
7618 5564 84
5596 4476 173
2290 5578 53
1992 6322 9
1992 6234 173
2532 3155 3
3669 4541 9
6699 5422 172
4110 6241 173
4705 5716 12
235 6648 9
5778 6006 6
2023 1120 91
5985 1244 84
5873 3223 104
3996 2628 84
7582 4587 81
3719 3973 172
4961 7314 118
2006 3415 80
4845 5911 84
5521 5188 63
5753 1674 53
3663 2389 173
4935 1424 4
4650 5030 200
4485 4373 185
1913 6235 84
7130 2173 3
7245 5820 9
5360 2628 84
2105 2749 150
3745 2628 84
4148 6226 133
1711 3891 53
4150 1493 138
5078 3258 91
6580 5695 8
4032 3704 118
2217 3323 80
5972 5880 172
6788 2350 173
1808 3323 80
273 1121 130
5000 6643 9
2110 4567 53
6673 5416 91
6635 2848 3
2045 4446 53
2903 6995 118
5341 4112 80
6715 4999 117
1023 2903 172
6601 4567 53
5385 2658 3
4607 4751 80
1429 751 173
1246 751 173
7219 6027 91
6534 4780 91
429 4552 80
3270 4022 6
71 416 173
3292 6351 3
2538 6583 3
2835 255 91
4775 2900 118
6248 4567 53
6977 6862 91
3171 5518 9
5339 2534 10
4734 248 172
3514 3323 80
2928 6138 182
3641 5544 84
2904 1067 63
3166 3258 91
5730 4777 53
6140 5988 91
4431 6234 173
3450 3259 173
404 2725 160
6670 4494 91
5213 3757 63
2617 4099 3
3430 2154 81
5978 3042 150
4489 2350 173
6640 6193 3
6560 3119 91
3586 2496 63
890 4450 53
3794 2385 80
2829 2408 80
5280 6414 172
4948 6026 150
4068 2365 160
7473 1503 84
1118 6801 91
1467 3766 91
2226 6408 9
4885 6870 150
4958 6004 15
5968 5335 5
789 2915 63
6568 3795 63
4964 4059 3
40 6235 84
826 526 173
4219 564 6
4219 6089 6
5337 7220 6
4496 5557 10
6290 3641 3
6290 1088 3
6290 41 3
3970 6740 80
3375 3136 63
3789 5214 191
6135 4758 91
5790 7046 6
3399 5385 9
6611 3886 91
2745 4622 91
6565 5104 80
1048 1400 80
1258 4567 53
3751 5829 9
6833 1077 53
5241 2628 84
7123 3297 146
5629 3231 91
5953 4377 10
37 4422 80
1983 3290 81
4442 2385 80
7824 834 51
1623 976 63
6672 255 91
3922 2725 160
2280 1549 104
3506 5891 63
6525 2994 91
6643 6213 3
3072 4448 91
4080 5528 9
3288 5720 3
5514 2616 3
4355 632 27
5535 5562 3
4636 6639 9
4787 1937 10
881 5871 173
4864 4802 150
2899 1385 12
3925 6606 160
2629 4539 63
6434 5181 63
6641 4904 5
7890 7688 118
864 4747 150
5111 1652 118
7379 5104 80
1520 2238 9
4983 4927 91
4459 805 111
946 2532 9
3683 2791 9
2600 6694 3
5259 2725 160
3154 3566 13
7214 4422 80
988 4446 53
6834 5104 80
5389 1936 4
5795 983 63
7637 5969 9
6162 4257 91
3767 6729 91
6821 3116 173
6982 6312 91
5964 5340 5
2310 834 51
5711 2300 81
6794 2628 84
222 5558 8
3682 5214 51
5930 3714 4
1505 2322 173
3376 5214 191
6325 6642 9
2156 5111 150
5695 716 91
5083 1120 91
5083 6033 91
1478 6241 173
1363 2101 172
2204 5528 9
3012 943 80
2162 980 53
4131 2101 172
4493 2483 80
4486 1313 185
6634 2731 3
1657 2521 129
4024 1956 13
2961 751 173
2715 6234 173
480 1059 9
3980 1080 185
3049 4389 53
5769 291 10
4878 1874 39
5314 2538 13
1831 6027 91
1917 4630 63
1540 4439 9
4477 1503 84
891 3259 173
6642 1459 3
794 4459 91
2852 5553 63
5775 3922 150
2820 3468 150
3384 4459 91
3618 2385 80
7142 6042 214
2994 7142 147
1806 2903 172
2297 6235 84
872 6640 9
5416 7722 118
5416 1996 118
5416 7836 118
5416 1308 118
5416 7719 118
2534 6317 9
1464 2350 173
2968 102 81
400 2318 136
3257 6172 32
3257 1781 32
4116 2385 80
2572 2010 11
2572 2010 63
3425 3197 63
743 1874 39
246 4526 173
2602 7185 187
6647 6215 3
306 4429 9
5511 273 150
3335 4103 53
6524 5099 6
3669 6294 10
4382 2322 173
1466 5023 140
2031 3258 91
431 5544 84
7749 632 27
3902 6234 173
5313 2762 63
1198 196 10
2363 2466 118
2363 131 118
1512 2825 9
3934 3323 80
4580 427 3
88 2909 63
5013 4751 80
5013 5094 80
1860 5448 51
6877 4029 56
4047 6634 9
1051 4439 9
236 6234 173
6345 7177 80
3471 2691 126
4845 2830 84
6172 2054 10
4627 2322 173
2108 3848 10
358 4272 63
5884 298 91
6897 4732 185
2697 6642 9
3714 2704 63
468 2276 13
6969 1100 118
2393 6234 173
185 3620 199
1781 2322 173
5549 2903 172
6580 3481 91
2953 822 10
3814 4154 118
5895 6983 13
5392 510 151
273 4838 32
6658 6947 3
6635 2838 5
2711 2322 173
6587 5104 80
3182 5530 3
4607 4671 91
6983 39 3
4320 4448 91
4320 2300 81
7990 2300 81
6534 104 91
1184 526 173
3270 5924 6
2902 6234 173
4587 1147 106
945 4186 9
2614 5361 3
5740 4596 81
5504 918 6
3225 2389 173
1572 7627 172
5678 6038 173
6918 1746 80
3076 6487 63
4426 5512 13
1832 4459 91
3610 5544 84
1268 2628 84
817 1863 63
4584 1740 84
4388 4213 142
4666 2610 9
4672 1174 150
1611 4495 184
7473 5104 80
5556 6234 173
1118 6312 91
6820 6027 91
982 6521 53
2024 2350 173
6689 943 80
290 6234 173
1175 2101 172
7078 1457 133
5197 5854 126
3404 1120 91
591 300 3
6596 5564 84
2015 5544 84
3204 1985 13
6290 4819 3
2611 4422 80
4999 805 111
3733 4709 10
3185 1746 80
2197 2779 9
5851 5416 91
7179 5214 51
3903 2300 81
5384 5695 3
1275 1061 51
1625 2101 172
4383 1949 10
5792 6586 118
3751 7460 173
1942 1446 138
5217 6235 84
804 1945 63
6643 419 3
4159 5871 173
108 2322 173
4088 5617 160
4437 2300 81
4468 5198 104
1893 3624 9
6595 2749 91
212 4454 53
3614 4660 80
3865 4883 3
4112 2731 129
1207 749 111
4366 1579 117
3815 6241 173
5970 5445 5
5395 5912 150
7735 6253 117
659 2322 173
659 3503 63
1191 1174 117
4865 1811 63
5111 7044 118
5111 1921 118
3624 2042 3
2041 4552 80
3628 5169 91
2481 4160 63
5181 5266 84
2582 2385 80
1566 1457 133
6261 2340 53
3683 2350 173
2850 1293 4
5067 4877 117
4300 2322 173
3222 6038 173
2600 5497 3
3797 5205 80
2733 2702 30
6747 1227 91
2763 5269 9
3778 4648 91
7670 2680 133
6394 6870 91
435 3323 80
5853 4732 91
2872 1122 53
6162 6033 91
3767 6033 91
3770 1196 91
5622 2628 84
3561 2347 53
4765 6133 173
3461 2443 148
2789 6250 3
1053 4150 133
2694 3745 63
605 3100 191
1950 4422 80
5510 4719 80
1974 373 4
4806 2725 160
2230 4422 80
3258 3944 160
4185 418 3
4274 5266 84
1485 6609 9
7826 5912 91
3466 5104 80
4817 5566 160
708 1400 80
2256 6806 91
578 2300 81
473 4927 91
2908 5858 63
3230 3498 9
3206 5911 84
1063 5528 9
5418 235 4
6677 2408 80
1210 4460 133
891 5484 63
202 2875 10
5975 1503 84
6308 5602 63
5539 4272 3
5775 3056 150
5264 5544 84
2820 6715 150
6027 607 149
2209 5013 63
5014 4990 150
32 4459 91
4547 5630 91
5416 2208 118
5416 1813 118
3073 786 63
3124 2372 150
5989 6174 117
714 4969 63
3781 4448 150
1280 6508 53
261 4546 9
1952 4552 80
1194 3165 136
4056 2798 9
2803 5912 91
353 4064 63
301 4722 80
301 5104 80
3393 4429 9
3393 7621 63
6348 5813 63
4100 2805 9
6647 7633 3
1497 7785 172
3475 5104 80
2261 5204 91
235 5652 9
48 2300 81
1302 716 106
5910 3966 13
610 398 10
7124 5775 146
5042 796 80
2794 1336 3
3540 5973 172
6744 5617 160
4869 6051 84
4849 834 191
4171 4450 53
5796 3460 91
5174 4383 10
3830 5528 13
3233 2241 9
7578 2408 80
4961 160 118
5518 2562 3
575 6033 150
3820 4118 118
3054 1120 91
833 4678 51
6403 4526 173
570 4085 199
3881 4730 30
1286 2903 172
1987 473 3
1804 496 11
2393 2486 9
3956 7511 173
2463 2350 173
339 3944 160
1871 3063 53
6978 692 173
4648 7132 149
2263 1249 80
6658 1656 3
3388 4062 129
3388 3997 129
2766 6632 3
1786 2790 9
6577 6312 91
4866 1244 84
71 2233 9
6227 5630 150
1912 4552 80
2538 5797 3
3380 6530 12
7604 1866 200
4870 3279 91
2614 6980 3
2276 4006 3
5302 5911 84
4567 2340 56
356 5528 9
1465 3402 63
3915 6235 84
398 5528 9
4149 1250 185
6538 2302 172
4411 2057 104
4460 1356 138
6750 7139 118
5394 6732 150
6560 3481 91
617 3119 150
6651 751 173
1617 834 51
5455 2805 9
3701 2300 81
4589 3460 91
5098 5503 91
3442 2322 173
3873 990 27
3217 2350 173
5546 1120 150
1467 5988 91
4885 4729 150
1996 834 51
3326 95 173
789 3954 9
1442 1674 53
1932 3461 91
2201 6842 191
3535 6518 63
3404 4780 91
591 3851 3
4436 3205 3
1609 4567 53
3275 751 173
6290 6583 3
1641 3488 9
4999 2725 160
4999 7132 149
5528 7633 3
2644 3042 91
5563 3259 173
4970 2589 129
6714 1227 91
1593 1390 138
6857 560 111
4070 4568 63
5662 4459 91
6611 3042 91
6244 1729 84
2745 4758 91
6628 2322 173
3304 5465 173
2623 2781 9
3751 5373 104
5159 6946 53
7607 4923 63
7592 943 80
5048 1875 39
2788 2994 91
853 3657 63
138 4040 63
663 1487 4
6657 5575 3
6657 3641 3
4343 2322 173
4088 510 147
6862 7123 149
2786 2571 80
6949 4525 8
4160 6235 84
5545 6341 53
5535 37 3
4636 6234 173
3374 5465 173
5364 1646 150
3448 1038 138
382 526 173
5119 6855 149
4366 6973 118
3815 2239 9
5557 3300 63
1473 2322 173
1615 3981 51
6701 6027 91
4865 4941 63
864 5132 150
5744 1257 6
5111 3944 160
7379 4732 91
2955 5969 9
3624 2474 3
5813 7177 80
6623 3461 91
4430 1601 84
1336 2994 91
5181 3481 91
5181 4638 91
4883 2628 84
2609 467 3
7006 5031 214
6655 751 173
4549 6235 84
5389 409 4
7186 7073 173
1125 6123 63
3325 95 173
5711 4494 91
6794 5912 91
6794 5988 91
1807 3494 9
5930 5445 5
5242 4780 91
5377 7728 172
3643 1962 6
6355 7165 199
392 701 9
5152 4029 53
5317 6250 63
6937 6986 91
1362 4459 91
6634 4493 3
4313 4504 126
5737 1681 80
1450 3936 172
5250 7896 53
2791 6153 3
6074 4347 129
3452 6801 91
473 6732 91
6690 3331 31
6121 4732 91
6089 3973 172
5775 255 150
5775 4756 150
5775 5177 150
298 7132 149
1487 663 9
6027 1845 118
5524 5161 11
2994 7622 118
4064 1503 84
7858 3981 51
4413 5915 118
4840 4821 150
4547 3119 91
2004 1087 91
4191 2385 80
5416 6684 118
5416 969 118
3328 4830 199
5188 1746 80
3997 3119 91
1952 6051 84
5785 2875 6
2803 6732 91
6871 2442 148
6646 5778 5
3462 2443 148
7462 2442 144
3393 2965 11
5988 805 111
743 1536 185
6647 6942 3
6647 5342 5
6213 5911 84
4596 3695 129
5855 751 173
4758 7006 149
2550 6074 80
3954 5650 3
2566 7570 9
3549 5416 91
2031 255 91
791 2730 9
2023 6027 91
2363 7143 118
1730 2300 81
7340 6423 117
3061 2322 173
5342 703 6
5529 905 3
255 5111 130
2006 1746 80
7279 2350 173
4679 2600 9
6783 5132 91
3820 1926 118
979 5528 9
7130 2097 3
3520 3773 63
4301 3520 10
4148 5465 173
2370 1061 51
126 6390 173
4377 2322 173
1804 6034 172
4936 675 53
790 430 63
4150 2506 138
3807 349 172
4032 1607 126
2217 5111 91
706 4270 150
706 2002 150
6658 7232 3
3388 5312 129
6635 4607 3
6635 6947 3
6635 2834 5
7221 2903 172
5994 7166 199
606 105 173
7598 7511 173
4095 6234 173
30 4751 80
1633 5465 173
6815 751 173
4516 1874 39
2538 2004 3
1035 2322 173
7127 4672 146
5593 2350 173
2417 6634 9
5310 1601 84
6670 1196 91
5373 784 31
3430 4780 91
3430 1854 13
4460 1194 138
6648 2722 3
6648 5825 5
2819 4848 183
645 4630 63
3610 2300 81
5104 4144 129
6640 6519 4
5380 3478 104
626 6647 9
5098 3291 13
3442 911 63
5546 6026 150
7473 3886 91
1467 2749 91
4137 4453 10
1989 2199 3
2954 4417 9
5968 2665 3
312 5448 51
5867 2441 144
6179 6341 53
2627 3173 80
1027 6312 91
5092 1120 150
4992 2725 160
2784 473 3
3469 3431 80
5337 5213 6
1312 4964 13
7831 4267 10
3185 5564 84
5528 3830 3
5563 2322 173
2781 5797 3
7380 4232 91
3503 4755 81
3451 4780 91
7021 2608 63
2745 4780 91
6712 526 173
1048 2408 80
5049 1771 185
7123 3297 214
6363 7177 80
4458 6235 84
4416 2300 81
5412 5564 84
5503 2442 148
1333 3459 53
2742 5988 150
3878 6862 91
3059 2807 9
6402 4927 91
4372 1393 118
2398 2340 53
5912 2157 118
4159 6634 9
3176 4660 80
3966 2333 3
4795 5298 193
7593 2385 80
5514 6076 3
5020 4457 104
5865 7879 172
2402 526 173
1474 2235 9
5146 6552 9
3815 2234 9
1343 5654 9
3504 1122 53
3986 5930 9
6139 419 63
4709 2322 173
2699 2903 172
6641 4517 3
1868 3936 172
7379 2101 91
2060 7460 173
3692 5969 9
1410 1632 118
5181 5265 84
4987 2794 9
4090 249 53
1566 692 173
6197 5544 84
7911 2000 39
6885 6833 185
6206 2300 81
2609 5621 3
4435 2300 81
1599 2300 81
6999 6995 118
873 6208 63
127 7880 172
3778 4459 91
7575 6234 173
3907 2300 81
1103 1738 133
4638 6312 130
3113 3113 129
5242 3468 91
2898 3366 63
3561 5509 51
2789 6736 3
843 3187 9
4031 4472 126
2918 7177 80
381 7073 173
7886 4454 53
1559 3170 63
2738 3913 91
2792 380 3
5510 3323 80
7880 1607 126
2178 7166 199
6950 5669 106
6937 4459 91
1485 2532 9
6634 50 3
4313 7939 118
4420 3279 91
3973 7854 118
981 4112 80
5866 7073 173
3837 2909 63
4973 2770 106
5918 2825 9
1499 6235 84
513 3739 63
6690 2757 9
5769 2714 31
1628 6038 173
6118 613 91
4187 1915 5
6642 5831 5
215 3658 63
5775 1646 150
5775 6746 150
5775 4078 150
6027 5186 118
984 4422 80
3384 4638 91
3618 2994 91
4267 5654 9
1892 3296 4
4177 7073 173
5282 2385 80
1495 6241 173
5416 7721 118
5416 7767 118
3781 1582 150
1629 4257 150
978 6273 172
1280 2439 53
2862 3882 9
6646 4302 3
6646 3502 5
987 2241 9
4179 6234 173
4484 8022 118
6647 7012 3
7083 751 173
2690 4678 51
3335 3362 53
2532 6350 3
1313 3826 53
1466 5057 140
7226 462 4
7188 1434 118
278 2757 9
2363 1650 118
1749 3288 9
5937 2300 81
5862 4552 80
4375 2915 63
2794 6726 3
2794 5687 3
4604 6806 91
5529 1336 3
2030 3042 91
4231 2420 12
2785 5510 3
7910 5544 84
1327 3790 31
3775 3639 10
2071 1746 80
5521 6076 11
7570 5785 5
2228 3655 53
4791 4446 53
4299 6027 91
7130 6496 5
3054 5630 91
3054 2994 91
933 834 51
2112 2628 84
2149 2640 38
2809 3455 118
1918 2994 91
2032 3936 172
468 3460 91
5659 5514 9
2603 2322 173
1183 4318 63
2706 3510 12
5243 4494 91
6409 763 3
3956 526 173
6580 4232 91
1269 281 84
3734 591 9
5611 5564 84
4713 2029 53
3148 3384 63
706 6027 150
6658 4905 5
2142 3498 9
1802 4448 91
6673 3258 91
3695 5104 80
5957 3729 32
5994 1781 32
4607 4448 91
5043 2624 184
5452 5104 80
1764 1244 84
3292 4357 3
2807 2206 3
5121 6721 53
4587 336 106
4870 6312 91
7157 5391 9
1815 4417 9
6103 2824 63
4359 7073 173
5114 7006 147
2718 2483 80
4799 3995 9
4406 6634 9
4941 1244 84
5213 2010 63
1390 5465 173
3043 4541 9
5682 2322 173
6148 6550 118
645 6290 9
5104 3286 129
3398 2350 173
4421 5544 84
5162 2300 81
4589 3173 80
6562 5911 84
5098 3481 91
6639 5787 5
3479 5116 160
6288 5820 9
2324 7584 3
2324 93 3
3027 6051 84
4885 4999 150
5804 95 173
2568 2628 84
2722 5911 84
2085 4949 118
2498 2106 53
591 7990 3
546 5096 173
2945 6025 106
4995 5864 172
2519 751 173
5337 3574 6
2610 36 3
995 6986 91
1641 2273 9
5528 5361 3
5851 6312 91
5851 4459 91
1593 3165 141
3165 1593 141
6611 4456 91
6065 1041 180
5654 5324 3
4859 2101 172
6667 5912 91
6833 3003 160
1942 1346 142
4033 2340 53
3110 2322 173
7220 1377 172
3869 5434 187
5520 1503 84
2499 3517 63
2345 3461 118
3922 4812 147
2280 2322 173
2788 4747 91
1790 2749 91
138 5385 9
1193 526 173
6657 993 3
6657 6309 3
3444 6400 3
2152 3642 63
1768 526 173
7003 3461 91
3526 3173 80
2386 3638 160
7417 7500 117
1893 6634 9
6312 4638 130
396 4922 11
2402 5535 9
4518 2805 9
3296 1892 9
3296 2817 104
4847 2787 184
4864 1147 150
4049 4082 117
5146 2710 9
2671 4678 51
3936 7468 118
1473 6404 172
1548 526 173
3628 3887 91
1336 6801 91
4987 2155 10
5445 5640 6
3595 5544 84
5733 3119 91
5733 3258 91
2600 5987 3
3297 6312 150
3297 6871 150
902 255 150
902 5630 150
6318 5871 173
1383 526 173
1383 2322 173
4747 2442 148
4747 6873 149
7670 2241 9
5389 1715 3
831 2572 10
5689 2271 9
5027 3461 91
5516 3610 3
4211 1945 3
5630 7164 32
4638 1438 118
3921 5578 53
4031 5879 118
5721 2350 173
467 1196 91
1550 4039 53
2178 4830 199
4312 4007 126
6634 6551 3
6634 6929 3
4420 6862 91
3973 4504 126
4272 716 91
4272 2749 91
1657 4057 129
1524 1439 133
3452 6026 91
5834 7073 173
473 5104 80
513 4594 173
3254 4257 150
44 4992 91
3691 3865 9
1628 7901 172
6118 4257 91
4957 3259 173
6454 7124 149
6121 2749 91
3206 4780 91
1831 5911 84
6642 36 3
5218 5564 84
5286 5416 91
5775 1181 150
4724 2322 173
502 6634 9
6027 4925 118
510 4867 146
2930 2385 80
7142 2442 144
2297 5564 84
6878 5169 91
4547 4257 91
4606 1120 91
5351 7209 3
5613 751 173
464 7457 129
5416 2020 118
3328 7165 199
2133 6241 173
1280 4039 53
307 2735 63
5920 6234 173
204 7460 173
5489 5988 145
1194 2764 9
4536 1122 53
3700 1120 91
350 4812 147
2532 7993 3
2532 5468 3
4439 5068 3
5534 5988 91
6699 3934 63
2983 2340 53
2031 2300 81
2316 3067 51
278 5726 63
1445 4454 53
4495 957 187
2573 5884 63
792 5416 91
5823 5969 9
5529 5510 3
4849 956 185
1288 3730 63
4541 3014 3
2030 5912 91
7910 4751 80
5334 6235 84
3918 6607 9
6783 3461 91
7130 5746 5
760 1569 53
3881 3532 63
1987 2189 4
5659 5229 172
5771 4817 91
5908 6870 91
4195 4541 9
4531 6026 106
2463 4304 9
5160 2340 53
4304 3880 3
6658 6110 4
338 4812 147
6673 6639 13
6587 1690 91
822 2953 10
328 4110 32
3291 5877 3
3291 2737 3
6554 943 80
5385 6626 3
3163 6877 53
4607 342 91
4607 4587 81
1235 2725 160
4050 5657 9
3292 4675 3
2835 4780 91
4136 1120 91
2614 7474 3
3446 1492 138
5740 3766 91
5052 2389 173
5114 7006 149
943 5027 129
7125 6407 9
6140 298 91
2362 5930 9
6670 2994 91
3248 2350 173
1816 794 11
5978 562 151
4460 945 138
4460 1738 142
6546 4039 53
6546 4587 53
5693 2385 80
4825 3460 91
2458 4443 63
303 3300 63
5098 4257 91
4781 4064 63
672 249 53
4743 4308 117
4556 2322 173
3363 956 185
5556 6634 9
6564 1457 133
1229 6701 63
2568 5104 80
1121 7142 149
7078 2600 9
5036 2830 84
5036 2628 84
7569 5104 80
5092 3258 150
40 1244 84
7024 5517 9
3469 4935 13
583 4817 91
2768 4031 172
5528 3738 3
2318 1348 138
5724 298 91
1756 2300 81
6598 255 91
6611 5564 84
1677 2300 81
3788 1739 118
2623 751 173
7613 2053 173
5553 7177 80
4544 6127 3
4664 4661 111
2499 4417 9
1790 5911 84
1731 5871 173
2825 975 3
4080 2322 173
2613 2408 80
6862 2701 118
2512 4961 172
4203 7009 147
5545 3891 53
4509 5930 9
5661 5205 80
1406 2322 173
2757 2036 3
2874 5930 9
1822 5880 172
3844 3219 172
3815 692 173
2475 6640 9
3848 751 173
3738 6408 13
4417 4133 4
6951 4203 106
1338 5617 160
3936 3621 199
3936 5086 32
6701 5169 91
864 6801 150
6463 1233 118
6726 2633 13
2955 6500 63
5797 6658 13
3624 7580 3
2924 2340 53
4451 5566 160
4983 2740 84
5388 6623 3
5842 2226 10
3595 273 91
294 7648 104
3128 805 111
2600 6947 3
7153 3255 53
2609 1118 3
2609 5614 3
5389 854 3
4059 2385 80
5027 2749 91
2824 6576 80
5245 5564 84
4236 7948 118
1240 3954 9
1613 5657 9
6782 5204 91
3227 2101 172
3569 6234 173
4994 355 117
3561 1061 51
4031 1607 126
467 4821 91
7820 4501 145
4884 6811 183
887 6521 53
2792 2098 3
4185 5737 3
4131 7511 173
6250 5419 13
6700 2322 173
3013 5564 84
6634 4162 3
2708 1402 53
2549 4273 80
4420 4992 91
2509 7628 63
2545 3409 80
1657 5106 129
863 5880 172
265 2101 172
4140 6576 80
4024 1978 13
473 900 80
5031 4732 150
5031 5483 150
1817 2219 63
5418 7574 4
5418 3228 4
6173 7511 173
6642 5129 3
5286 4732 91
5286 3042 91
1176 3100 51
4064 2830 84
2203 4988 91
7640 5465 173
5014 4451 150
4626 7460 173
2166 3042 91
5351 3642 3
3228 1987 9
1495 7460 173
1348 5465 173
5416 2339 118
5416 7919 118
5416 913 118
5416 1280 118
5416 1113 118
3124 3008 150
3781 4266 150
6646 6495 5
5029 1227 150
5988 7131 149
3335 2106 53
2532 5309 3
235 5528 9
6237 4192 80
2674 1130 15
3278 2600 9
4625 5968 9
4144 6051 84
1293 3954 9
5263 5030 200
2363 973 118
1730 2505 80
5186 4830 199
7337 7342 117
7009 3925 145
5175 7288 118
4081 2725 160
2030 6862 91
5796 1087 91
5354 7460 173
7231 2749 91
5948 4514 10
6073 4304 9
4961 7320 118
5521 5688 12
1901 2322 173
7570 2075 3
7570 2066 3
7403 4463 125
5884 5988 91
7130 3610 3
652 1904 14
5360 5104 80
3115 7008 63
1960 751 173
6616 5960 15
2344 5535 9
2344 2322 173
944 4422 80
5719 4596 81
206 2628 84
1804 5858 63
4150 4731 140
4280 749 111
5383 751 173
4443 5630 91
3989 3481 91
6919 3119 91
4304 2073 3
6673 4927 91
6673 4817 91
6832 3259 173
7173 2322 173
2486 5532 3
5652 236 4
2467 2066 63
2565 2740 84
7219 4232 91
6227 3119 150
2538 43 3
4045 2300 81
3380 3694 129
2614 3190 3
2780 467 3
2276 2501 3
3394 4751 80
3166 273 91
943 2008 129
3754 1740 84
3754 2300 81
2813 4933 9
1521 5564 84
320 1122 53
404 510 147
3915 3678 81
398 5756 63
345 2442 148
5104 2559 129
1427 2790 9
6629 5706 63
6096 5564 84
6096 6235 84
1622 790 10
2622 6133 173
4672 4747 150
4296 4429 9
4296 4583 9
1118 3780 91
5003 751 173
2324 3610 3
2954 6275 172
5749 2053 173
5008 7177 207
5979 943 80
5574 5911 84
6480 7073 173
2085 4642 118
2578 2648 191
5036 2385 80
546 222 63
5858 2483 80
7907 956 185
2817 5871 173
2784 3818 3
2784 4683 3
5456 6234 173
119 6785 38
2610 2844 3
4959 261 10
995 1244 84
309 648 63
309 6941 63
5563 870 63
2318 3229 138
5353 7222 118
6714 1207 91
5009 2300 81
4583 904 3
2726 1939 173
5621 4755 81
6611 1582 91
6244 2271 13
2798 6153 3
65 5564 84
5241 3461 91
37 5911 84
1670 4324 190
4767 6658 9
4729 2442 148
1476 5465 173
1623 4172 172
6672 2628 84
6026 1994 125
3893 5105 63
3223 4989 104
138 2350 173
2911 2628 84
6657 5824 5
3072 4422 80
3072 4232 91
1665 2322 173
6688 4223 126
506 751 173
2161 5416 91
3524 3936 91
5535 3937 3
4170 267 104
5204 2443 148
4900 2207 10
7158 4729 145
4256 3779 3
4847 958 185
3198 4552 80
2684 2053 173
4709 6408 9
2735 3323 80
2735 1740 84
6641 6123 3
6612 3119 91
3624 713 3
3777 1196 91
6809 3465 91
4404 2628 84
2206 1244 84
1520 1457 133
6623 4638 91
4430 3465 91
3790 7996 63
962 255 91
4983 1690 91
3729 6038 173
2799 7460 173
2600 3818 3
2600 473 3
3154 5419 13
902 716 150
2266 7081 133
621 3119 150
4546 4517 3
6408 6553 3
6394 6986 91
6394 4232 91
2546 6658 9
2546 2350 173
3653 3173 80
5516 427 3
4527 4732 91
4236 6293 118
1078 2340 53
4211 4574 3
6982 4232 91
5882 3461 91
3812 3255 80
3735 7828 63
3770 3323 80
7080 260 138
5695 6986 91
5935 7164 32
6624 4257 91
3298 3621 199
7820 4648 145
3457 2385 80
3012 4422 80
7384 6576 80
6042 7009 151
2178 3140 199
4131 2322 173
5237 5515 9
4525 6949 8
6634 3641 3
6634 6706 3
1678 5654 9
1375 982 118
6064 6362 173
7204 2749 91
1657 3378 129
1738 4460 142
2001 2322 173
5786 2747 6
5086 2271 9
7052 6205 11
3691 1337 63
1492 6241 173
3206 3460 91
3332 6317 9
202 2783 9
6642 5813 3
6710 2847 9
5775 6454 150
2820 4278 150
6027 1471 118
510 5392 146
3618 4459 91
7142 706 146
2994 5111 130
5014 4999 150
4547 4638 91
2166 5104 80
5351 310 3
1495 751 173
5416 7045 118
5416 7792 118
2986 189 138
2986 545 140
6194 3279 91
3124 1154 150
5188 2994 91
3781 7009 151
4813 7022 11
4232 560 111
6646 4242 5
3032 7177 80
4179 2903 172
3700 5111 91
3700 4232 91
2542 298 130
2717 2766 13
3490 5544 84
4502 678 9
1527 2322 173
4535 3800 6
3300 2300 81
1466 1475 140
582 6604 133
3121 1124 10
6971 6962 117
3954 59 3
3954 6691 4
2468 1877 63
3636 6221 6
3803 3291 9
2363 5369 118
2363 7453 118
7812 2722 63
4860 7327 118
7009 5483 145
2857 6417 172
7954 2532 13
5828 6234 173
3272 3944 160
3998 5104 80
6683 1244 84
5231 5104 80
3471 7833 118
7570 5241 3
4627 2666 12
4339 2628 84
2624 4676 187
7403 560 111
8015 4725 63
4786 943 80
6913 4103 53
3895 5416 91
5771 6986 91
4310 7883 80
7648 3259 173
1889 3259 173
706 6813 150
273 4756 117
6658 5328 3
6658 918 4
6658 5791 5
2367 6644 9
1250 615 51
3695 2505 80
2903 1478 32
2903 6997 118
6587 4448 91
3291 4883 3
6554 4422 80
4607 1087 91
774 316 32
7242 6912 117
2538 4385 3
2835 1087 91
6727 834 51
5683 5388 9
73 4541 9
1815 3373 63
4975 3699 104
4647 4422 80
2417 751 173
5126 5911 84
7183 526 173
1139 4191 63
6670 4471 91
7594 5564 84
5070 2300 81
5501 5455 6
3076 2031 63
6648 2834 5
5693 4638 91
5104 7822 129
5104 1877 129
3398 6634 9
78 2322 173
5222 5854 126
4421 2385 80
1956 6697 4
4514 5948 10
5162 1503 84
303 4933 9
2829 3042 91
2433 4111 80
4672 6986 150
6757 1981 13
4296 2903 172
4714 6759 80
6820 2994 91
6802 6871 118
4505 2322 173
5958 3259 173
7342 157 118
1664 2322 173
4733 5925 9
1932 4927 91
3404 5265 84
1029 3259 173
591 7379 3
4835 3468 91
7895 6023 150
7895 3279 150
5713 1061 51
1573 5214 191
1385 2794 9
3204 2628 84
2610 377 3
4429 2829 3
5528 5337 5
4970 2894 129
7380 4459 91
2068 6230 63
5724 4257 91
6259 5515 9
668 1309 53
3533 4383 10
4569 6986 91
6598 298 91
1986 7080 131
2559 1978 13
2745 6732 91
6565 6026 91
6565 5630 91
5810 3610 129
879 4418 9
65 2300 81
180 591 9
1476 5391 9
6126 6732 91
2499 2322 173
6672 4817 91
2345 1089 118
2749 777 149
1539 1121 106
5912 1198 32
2911 1503 84
6643 5701 3
6643 1656 3
3625 2675 182
3358 2040 39
1482 3165 136
3966 1312 3
4088 7124 149
6593 1087 91
5246 6234 173
4868 2300 81
4827 5617 160
6882 2532 9
304 1254 63
1474 416 173
1207 2725 160
786 2300 81
4366 7870 118
5146 1433 104
6769 868 6
5816 1267 11
4205 5911 84
6641 5791 5
1191 6606 160
1191 5617 160
3628 4456 91
6623 5564 84
6131 4751 80
1336 6862 91
2590 2300 81
2198 2600 9
5824 6772 6
294 2857 104
2680 4284 138
1440 2072 81
2609 7584 3
2609 36 3
6747 5104 80
1649 3913 150
1480 2235 9
1542 2322 173
4920 5218 63
3767 3258 91
2910 4751 80
1132 7460 173
2898 5658 9
5285 6842 51
639 264 63
2789 5701 3
5706 3465 91
7813 1245 63
1160 2322 173
2713 208 118
3298 5030 200
5053 6742 104
363 2240 9
5650 2628 84
6031 2327 173
7176 2947 104
2069 2628 84
4755 3034 106
1124 3121 10
6634 5857 3
6634 1983 3
6634 5785 5
438 2478 63
2549 4732 91
2268 5658 9
5533 6241 173
4063 2322 173
5055 859 10
6941 4257 91
4984 5544 84
578 1244 84
4071 6269 172
473 5169 91
1196 4812 147
968 4103 53
4675 3288 13
5123 249 53
607 2443 144
6677 3465 91
4477 5265 84
794 4732 91
5440 2385 80
3760 3279 91
3508 4006 11
7639 3085 53
2615 255 91
3715 3674 133
4124 6895 10
6878 6732 91
4547 3279 91
2166 273 91
5351 823 3
3228 4496 10
5416 7876 118
3534 615 51
5267 4638 91
1301 3624 9
4232 5566 160
6407 5267 3
6646 7593 3
6646 2514 3
5029 4259 150
4484 5428 118
601 5653 9
3425 7511 173
326 5116 160
6647 2942 3
5770 943 80
2532 3758 3
6684 4678 51
4158 7185 185
4158 6229 39
6523 5104 80
1025 5535 9
6237 1087 91
6374 2757 9
2363 7163 147
2363 855 118
6945 2782 9
3934 5265 84
7818 526 173
7853 616 118
3540 5528 9
792 6862 91
1616 5564 84
2300 6026 106
2424 1046 10
1744 6107 53
5796 5111 91
3183 916 80
2838 110 6
5969 1990 5
6317 5447 3
2245 3902 12
7130 2368 3
2747 751 173
7245 6763 9
2547 4660 80
6273 2138 32
3680 3468 91
5936 7511 173
3862 4526 173
4150 5006 138
4150 5675 138
87 4103 53
4280 7131 149
7661 7577 104
7906 968 185
425 6290 9
1889 361 63
3989 3766 91
4133 4417 9
273 5617 160
1178 3116 173
6658 5614 3
4940 6986 91
6635 5622 3
22 1402 53
2265 2083 53
1835 6312 130
2565 2300 81
7219 5630 91
6534 6034 91
4516 2005 39
564 6593 63
3292 5195 4
2538 2737 3
2538 3965 3
7604 3621 199
6553 2903 91
2657 2781 13
2614 6955 3
5740 1690 91
1815 2903 172
4974 1846 3
5381 5796 3
2171 965 185
6670 1120 91
5618 7883 80
3043 6642 9
4460 4824 138
4856 95 173
5693 4817 91
5104 5452 129
1122 249 56
3701 4422 80
4654 5707 11
6742 6091 173
6732 548 149
6887 1275 185
1467 5132 91
4602 4567 53
1229 526 173
1039 980 53
1979 1424 4
2901 1400 207
5858 2300 81
39 5104 80
2610 5510 3
6290 6736 3
4803 3865 9
3926 2350 173
2302 3620 199
7831 4974 9
4610 4029 53
1967 1961 10
5528 3289 3
4970 4387 129
6714 4732 91
5026 2322 173
5136 4029 53
4347 2758 13
3060 4256 9
2745 4280 91
1087 2725 160
2957 1268 63
793 3126 81
430 5104 80
4766 5956 63
631 2610 9
1315 5578 53
3878 5111 91
6861 7457 63
6987 678 9
4372 253 118
3819 3817 118
1193 7511 173
6657 1459 3
495 962 63
2152 496 11
2931 1061 51
2476 5465 173
5246 6076 11
203 4207 63
3588 5180 81
2889 2888 10
3769 4587 81
883 2322 173
2618 3259 173
781 2397 53
781 4678 51
5658 2898 4
4207 4112 80
4427 2329 81
4385 7177 80
2629 5376 63
6434 5772 63
6641 1467 3
6641 904 3
6137 2300 81
3624 1884 3
3777 4448 91
5645 2300 81
2158 2783 9
5703 927 3
1336 3279 91
5181 2994 91
2582 2830 84
2438 6340 63
6706 5911 84
7911 4678 191
1618 7247 53
5388 6351 3
5842 4403 172
5076 3624 9
6206 1729 84
2600 202 4
7999 916 80
3034 1253 111
5442 591 9
5947 4425 10
801 4310 63
5389 2070 4
884 1924 9
6519 6640 9
3009 751 173
1149 7709 118
6808 3058 118
222 1870 8
418 2300 81
6935 2322 173
524 2779 9
7080 505 140
4494 7163 149
2213 4150 133
5347 1866 200
1990 4609 6
914 5514 9
2556 124 10
4871 2758 13
467 339 91
6025 4812 147
2204 368 10
5619 2628 84
5510 2300 81
695 2600 9
6204 5339 6
6205 5544 84
6700 1226 12
6634 2514 3
6634 5299 3
6634 4538 3
2043 2385 80
4272 6740 80
719 7177 80
954 4446 53
2256 2749 91
3452 5988 91
562 4864 214
44 5205 80
6118 322 91
2452 5829 9
3206 2998 81
5496 2546 6
5031 3766 150
1063 3378 63
2086 751 173
1540 7881 172
202 692 173
5440 3323 80
4267 5747 63
4840 4448 150
5687 273 91
5956 2749 91
5416 7779 118
3781 4732 150
1464 5654 9
4966 5119 150
204 2322 173
5489 4992 145
4536 6341 53
474 3316 118
6646 5783 5
5362 4983 11
5029 4732 150
4212 7511 173
3929 2628 84
743 6261 185
6647 3206 3
6647 6488 5
2539 900 207
2846 6241 173
4858 4958 15
5716 4705 12
3475 1244 84
4110 4186 9
3740 1503 84
832 5388 9
6923 2350 173
1490 4964 9
5747 5911 84
5949 3323 80
5803 4853 172
2469 2321 172
2330 3580 53
2794 6980 3
6547 5052 10
4349 2101 172
3272 4812 147
2785 2368 3
236 857 104
5231 5912 91
433 5385 9
6317 4363 3
2562 2628 84
575 3279 150
1997 6647 9
4485 2602 184
1525 7073 173
3820 4484 118
8015 4057 63
6897 6026 185
3613 3468 91
3613 6801 91
5340 1212 6
3520 4301 10
2747 3865 9
2642 1761 187
4263 2313 118
1306 4678 51
4377 5953 10
197 4460 133
4195 944 63
4545 3015 3
4545 7641 4
3734 2350 173
339 805 111
3742 2965 11
3989 4232 91
7164 2322 173
6919 4380 91
1791 6842 51
4006 4448 91
6658 6929 3
2496 5265 84
2766 2829 3
3137 3936 172
1786 5703 9
182 2322 173
2229 272 4
4501 5111 130
7988 5204 91
3182 6394 3
6983 2522 5
6534 5988 91
179 3291 9
2972 2127 63
3292 5015 4
2538 86 3
6210 6033 91
4775 7564 118
3081 3116 173
7817 4471 106
482 6504 10
4870 255 91
2614 5740 3
959 195 173
5571 2408 80
5381 5328 3
4698 3259 173
356 4941 63
4941 2830 84
3265 2322 173
4149 3180 39
2617 2485 3
5229 5912 125
6648 2118 3
4825 2377 91
78 7380 63
1427 2389 173
6640 2487 3
2999 3323 80
3586 5969 9
3567 4030 80
4654 4541 9
4589 5630 91
672 574 53
4902 5253 63
4672 2380 150
6288 5871 173
1881 3386 10
361 2830 84
789 2256 63
1175 1998 172
7227 4613 51
5240 1122 53
2666 6620 63
4436 3072 3
2320 4450 53
1630 2322 173
2318 1128 138
5115 4370 172
6021 5104 80
257 2052 199
4347 5418 13
1927 2174 3
6735 5465 173
5662 3460 91
5621 5104 80
2745 4992 91
4383 2672 10
6628 6234 173
5107 5969 9
5110 3488 9
4909 5451 63
3525 6234 173
7658 3388 80
7824 6842 51
1333 1674 53
2756 1886 84
7557 2350 173
2524 1400 80
1145 4897 126
6078 5111 91
6657 5361 3
2535 5758 187
4392 95 173
5330 4448 91
3886 2441 148
4091 4858 11
1893 751 173
3524 2740 84
2757 3286 3
2805 5958 4
2874 6441 10
3374 4460 136
7600 416 173
3621 2052 25
1207 805 111
2775 410 6
6890 2150 185
3052 6946 81
3936 276 118
5709 3936 172
5897 6235 84
1016 3773 63
2413 6234 173
7379 2903 91
3624 49 3
3624 7992 3
544 2233 9
6687 6312 91
6654 751 173
4774 2340 53
4773 5415 172
537 2442 144
6067 6234 173
6885 4373 185
5497 5104 80
6206 6235 84
5685 4780 145
609 2443 148
2733 4544 9
2148 2600 9
7641 526 173
4282 5409 80
1496 4545 9
6394 4494 91
5363 5194 104
5389 3793 4
2849 4386 199
3759 1761 187
3334 5248 150
4236 1081 126
5382 2174 3
859 6322 9
4211 2835 3
6821 5465 173
2633 5343 3
6221 5518 9
3812 5564 84
3812 1244 84
4503 2350 173
1339 2628 84
6264 5186 172
7011 7382 173
1376 7028 27
467 1227 91
2998 6801 106
6031 1842 173
33 2628 84
3250 3303 104
414 5151 63
3505 3135 126
6209 255 91
6697 6408 9
5169 2441 148
5169 3944 160
4817 4085 199
4697 3259 173
5352 6197 11
2256 5911 84
6544 4450 53
513 6878 63
4292 2389 173
685 3255 53
6118 3323 80
6118 5544 84
4187 4767 4
3206 4732 91
5123 3826 53
1340 2322 173
1917 6234 173
6677 3258 91
2548 4751 80
6642 4101 3
3558 5912 91
4208 751 84
794 102 81
4581 5564 84
3508 3624 9
2558 1400 80
4921 6644 9
4707 5465 173
6350 5911 84
6034 588 126
1220 416 173
2654 7408 118
5416 7675 118
5416 4447 118
5416 5142 118
5416 1080 118
2986 6318 138
2986 1272 142
4319 2350 173
714 4043 63
3781 1690 150
5489 6930 145
6123 2628 84
820 2792 9
2803 1690 91
2803 3462 91
6646 619 3
5988 5489 147
4821 2441 148
4858 5416 91
6524 5927 6
2077 6234 173
2983 615 51
2591 2385 80
970 2106 53
3902 3259 173
5168 2300 81
705 5214 51
610 2242 31
610 4725 63
5042 943 80
5042 2830 84
5042 4881 81
292 2322 173
5600 6124 63
2573 2798 9
2794 7827 3
6222 305 10
5529 1937 4
395 1721 10
7231 3279 91
6880 1075 53
4528 2790 9
4961 7035 118
2575 2385 80
7619 1987 9
5954 3692 10
3644 5544 84
7570 1933 3
7570 6492 5
7570 4905 5
3663 5652 9
6172 751 173
358 2322 173
8015 5070 63
762 2300 53
3520 3603 10
413 1974 13
173 5779 63
726 7382 173
1918 5911 84
1978 1204 4
2393 2634 9
554 4144 63
3428 5416 91
3989 3119 91
3814 5004 118
2217 4448 91
4006 6986 91
3175 5544 84
7678 6642 13
6579 6030 91
273 4232 130
6658 5098 3
6658 6490 5
6208 3481 91
1802 2994 91
5474 956 187
6704 7305 172
824 6234 173
2486 708 3
4501 283 149
6185 6082 172
4607 4780 91
4867 5416 150
6983 6947 3
6009 771 118
976 3255 80
5559 2903 172
6561 6644 9
2187 7029 27
73 6234 173
2614 3779 3
727 2155 10
767 5970 9
4647 5104 80
6302 2322 173
2847 7582 3
1502 5653 9
6674 2317 5
733 4583 9
733 3045 63
6670 3481 91
2617 5536 3
2140 6508 53
3725 3412 63
3266 6657 9
1034 5973 172
5104 7243 129
5021 6576 80
4230 2322 173
2248 6647 9
2194 2439 53
4589 5111 91
5098 2749 91
4034 1547 138
6732 61 147
1118 1690 91
1118 4821 91
188 2300 81
6736 2749 91
7144 763 63
2324 7474 3
7819 2442 144
5979 3042 91
4109 5566 160
290 3361 63
7912 1922 9
7912 3165 131
5644 6080 6
3603 3520 10
4756 273 117
546 3257 172
7895 5912 150
5955 6235 84
6602 3444 9
2784 5421 3
5337 1833 6
4429 2362 4
2644 4747 91
3046 751 173
1937 2322 173
4491 749 111
2068 5528 9
5009 4747 91
1593 3871 138
1593 3146 141
6598 332 91
6611 6986 91
6954 3259 173
3491 2628 84
5543 4732 91
6068 1503 84
2823 7625 4
3315 2322 173
3574 2322 173
2742 1087 150
2788 5104 80
2788 1120 91
1790 4732 91
6156 1503 84
2251 5829 9
6356 5468 3
3966 5910 3
5500 5104 80
7246 1640 9
4696 5871 173
4468 2077 104
5661 4471 91
2757 4018 3
5134 5282 63
4112 7988 129
508 6023 172
5755 6317 9
1501 2231 9
2066 3678 81
4864 6733 150
4417 1130 3
6801 548 149
6713 2816 199
5672 2235 9
107 5709 31
2683 1122 53
4622 6855 149
5797 1978 13
3624 4977 3
6654 5096 173
4837 2816 199
294 1749 104
3784 4472 126
1459 1978 13
6747 5911 84
127 4355 172
1562 2235 9
5068 5409 80
967 2340 53
3759 933 187
1149 7694 118
6694 5104 80
1240 7073 173
3295 4567 53
1254 2628 84
5711 281 84
5624 5564 173
867 6643 9
3668 5871 173
524 6241 173
6153 5104 80
5117 4029 53
4994 5617 160
3770 4422 80
5242 4491 91
6325 4545 9
4314 1747 126
4172 4386 199
4494 4812 147
3144 7158 149
2789 430 3
4031 7859 118
7062 6644 9
3478 3074 104
5153 4103 53
3091 5214 51
3505 1607 126
6582 3780 91
1124 304 10
4886 3140 199
4817 6825 160
3134 2538 9
1657 944 129
1657 3658 129
1657 5687 129
2533 6508 53
3452 3042 91
7151 4864 214
3254 6871 150
7042 7095 117
6118 4821 91
2452 4186 9
4101 5564 84
4186 5131 3
1831 3481 91
1917 751 173
3955 2322 173
4477 6051 84
5286 6033 91
5775 4277 150
3813 2000 39
5538 6074 80
2615 5912 91
2615 3290 81
3132 7073 173
1806 2350 173
2319 5258 53
3103 4830 199
4606 1690 91
3228 2322 173
2101 7165 199
2702 2733 30
2127 1681 80
6646 7991 3
6646 7381 3
3705 269 173
3705 2322 173
3700 716 91
3281 2233 9
3839 5528 9
6048 7357 117
7560 6759 80
1801 5544 84
3335 4740 53
1227 2443 148
5534 3461 91
4492 6635 9
2031 7177 80
2031 102 81
4625 2322 173
2023 3258 91
1749 4034 136
5473 6721 53
7009 4203 145
4541 719 3
4541 2812 3
3719 5347 172
7910 1503 84
2100 4660 80
5521 5517 9
5518 2368 3
8000 5416 91
6783 6862 91
5997 5485 13
5884 4758 91
2315 2322 173
6004 4958 15
1918 3780 91
1830 7073 173
1446 6234 173
5908 2994 91
2706 6686 63
4545 3014 3
5745 3259 173
2153 1402 53
6869 2486 9
3989 5503 91
2793 3461 91
706 3030 150
5758 2029 53
5170 4333 12
3840 2322 173
6673 6235 84
6635 5831 5
6986 2442 148
2903 2025 118
2486 1863 3
51 5465 173
51 5330 63
7988 6647 13
5385 433 4
3101 4974 9
6983 6246 5
2845 2791 9
5452 2300 81
3407 5104 80
2902 591 9
6210 6235 84
2187 632 27
1035 4606 63
5683 6643 9
7126 7073 173
2787 3295 187
1502 4417 9
4799 5829 9
5987 2628 84
359 751 173
896 2322 173
5678 3764 11
3248 2634 9
4700 3303 104
630 5030 200
3282 3674 133
2617 6917 3
2617 5987 3
355 3638 160
3397 185 172
5693 5416 91
3583 3481 91
5104 3475 129
6640 872 4
303 2915 63
3912 7604 172
1985 2572 4
5253 2300 81
4602 3401 53
2151 5416 91
6170 5911 84
409 6814 172
1175 949 63
2627 3678 81
3404 3279 91
1646 4622 117
591 3286 3
3603 2322 173
7895 4968 150
2610 3758 3
6290 418 3
6290 4904 5
7441 2408 80
5635 751 173
2644 4817 91
2781 3701 3
6881 3254 214
4967 1244 84
5773 6634 9
6565 4232 91
2888 5930 9
6257 4567 53
4909 4138 10
7607 4932 10
428 5965 9
4767 4187 9
2499 2825 9
6672 3481 91
2361 6640 9
5398 7587 11
6525 2749 91
6525 4671 91
6643 1764 3
6078 3119 91
7679 5912 91
4456 7009 149
1216 6038 173
2161 1244 84
3235 3259 173
1736 2686 118
6705 2789 9
6312 3897 118
4147 4195 6
272 2273 9
1316 4587 53
4710 1457 133
6641 4441 5
1548 5528 9
5111 3354 118
1568 6826 183
2158 1688 172
3843 4034 133
5813 1503 84
6623 4648 91
4780 805 111
4780 7151 149
1712 2300 81
3172 1219 10
4623 195 173
1009 6125 63
5181 5911 84
6269 1388 27
1195 5617 160
1755 3259 173
1123 3068 53
699 2408 80
3797 3173 80
3757 2121 84
5751 5964 9
3778 5933 84
4801 2385 80
2546 1927 9
6625 4787 6
1182 5662 63
936 574 53
806 3255 53
1605 1924 9
2872 2340 53
3030 6873 147
3030 7131 149
709 5310 63
6813 1338 117
2910 1244 84
5630 3112 118
5630 7163 149
5964 3694 3
6203 6528 5
3227 5910 63
5117 3255 53
352 7073 173
6355 4386 199
5438 4974 9
4037 5465 173
6042 6033 150
7533 7784 118
4274 2121 84
4755 2738 129
4800 5116 160
4272 6986 91
708 2300 81
1657 4217 129
5625 2389 173
4041 2798 9
7052 5452 11
7151 4840 146
6118 6862 91
191 1712 63
1224 3259 173
421 1311 10
891 5678 31
6642 5421 3
5440 2408 80
5129 6235 84
5775 3924 150
5775 4729 150
6027 4472 126
510 3462 145
2479 2648 51
5966 719 11
2615 6986 91
2615 2994 91
4753 2133 138
3103 4289 199
7573 3259 173
4840 4203 150
7433 7426 117
5344 2851 13
2004 5564 84
5416 3153 118
5416 2599 118
5416 14 118
6194 5111 91
3124 6862 150
3124 6025 150
261 7669 11
3997 3461 91
4702 4526 173
4056 5201 172
405 3954 9
4484 2691 126
2717 2300 81
5596 6634 9
3281 5465 173
6647 5341 3
291 5769 10
1527 3012 63
5534 1690 91
5534 2994 91
6699 6234 173
4110 692 173
6870 6873 149
4873 6234 173
634 5655 9
6600 2300 81
2189 1987 9
5803 7607 31
999 4552 80
6109 2300 81
4399 6263 172
7356 7355 117
7279 95 173
2783 1492 4
7570 5790 5
5636 4933 9
410 2794 9
4127 7883 80
7130 5787 5
3714 2582 63
6686 3461 91
3680 5104 80
3465 6855 149
788 2385 80
8002 5528 9
3989 3323 80
4814 5617 160
1982 4668 4
6635 2075 3
6635 7474 3
1786 5652 9
4798 3591 63
7143 1061 51
5652 5202 3
4607 2830 84
3015 4755 81
7669 4014 84
7669 2740 84
2474 2121 84
3292 3391 3
2538 5575 3
6482 3323 80
6561 712 9
296 2300 53
6553 5416 91
4257 5686 149
4368 4304 9
4974 5550 3
4687 2322 173
6764 2327 173
5381 3830 3
5381 6374 4
6228 834 191
1933 6235 84
4333 5170 12
1232 625 172
4142 1607 126
2448 1946 111
2362 4557 63
896 5638 9
5678 2608 63
4120 943 80
3346 983 63
2617 5334 3
1390 2231 9
3430 3465 91
6648 7000 3
6648 3502 5
3610 2633 13
3791 5717 9
5104 430 129
6675 3481 91
2777 5382 9
4246 5266 84
4948 6715 150
3363 6880 185
3473 282 117
6288 5351 9
176 2300 81
4958 4858 15
3289 1746 80
290 4545 9
1811 5911 84
591 3610 3
591 49 3
386 5528 9
4712 751 173
4403 2691 126
5337 421 6
2318 463 138
6668 3042 91
4967 5416 91
4732 805 111
5598 3525 10
245 751 173
2484 222 8
6598 6801 91
5773 6234 173
2745 5912 91
3304 4186 9
321 2443 148
4458 2300 81
4033 3885 53
4544 1440 3
7555 2408 80
4729 6825 160
6644 2353 5
1476 2237 9
184 6978 138
3545 2523 63
2625 3323 80
663 5488 4
899 6609 9
5195 3292 9
5195 5973 172
720 6927 63
3072 4732 91
3966 5779 3
6688 3534 118
6688 7650 118
4214 3409 2
6862 7163 149
6862 7131 149
5005 5194 104
2786 5564 84
4927 5116 160
3251 2385 80
5045 2011 91
4402 2031 63
5106 7177 80
272 7460 173
6910 2408 80
1381 3626 53
4417 3188 3
7108 5767 117
4135 1061 51
1473 3116 173
5505 2408 80
6641 5790 5
1868 2911 63
4865 32 63
7890 7685 118
5111 4501 130
5111 1442 118
3162 7592 63
5296 6133 173
3698 751 173
6809 3119 91
1336 3258 91
2905 615 51
4459 7124 149
3507 3561 118
5746 2391 6
2600 383 3
1486 3116 173
3931 2441 148
7641 751 173
873 6208 11
4747 2443 148
6394 5111 91
2114 5880 172
5819 4418 9
6215 6027 91
2824 2300 81
1935 5544 84
2872 2439 53
6162 4232 91
5426 751 173
4211 3790 4
777 2441 144
5882 4817 91
4575 5564 84
1395 3259 173
3299 4450 53
2898 5964 9
2156 5416 150
2155 3444 9
2155 4888 10
4252 6271 3
3921 4029 53
5706 5132 91
5706 6862 91
392 416 173
7442 5702 172
2250 4442 63
871 5201 172
3457 5104 80
2792 3903 3
1219 3172 10
3258 7819 147
3029 4280 150
6339 2417 4
5542 6156 3
4930 5482 9
1787 1402 53
6294 5528 9
6212 3119 91
1657 3414 129
4973 6801 106
1563 380 63
473 4719 80
6608 2539 3
393 3259 173
844 1222 10
776 2441 144
6677 6862 91
3508 6205 11
3618 1244 84
3474 6071 104
5014 5503 150
5252 2076 53
5687 1746 80
5351 995 3
4319 4871 63
6518 5564 84
5676 6634 13
5267 4422 80
5717 421 4
5551 4082 150
2803 2749 91
3700 4817 91
7263 3238 138
7083 4304 9
2532 6783 3
4439 4844 3
3197 5911 84
4125 3221 10
2430 281 84
7121 2322 173
4144 5911 84
