132
944 1427 85
404 6136 199
6922 6922 117
4265 535 199
2626 932 199
3992 4041 199
3480 3480 117
3845 3845 117
797 797 54
6594 6594 117
956 956 49
4093 3555 199
2006 2006 117
3123 3123 54
7031 841 199
7033 7033 117
6953 6953 117
6197 2537 199
6196 2606 199
7178 7178 117
6879 6879 117
3511 3511 54
3680 3680 49
2682 3293 199
7238 7238 117
6859 2013 169
6381 6381 48
7250 7250 117
119 119 117
3266 3266 117
1455 6475 199
1621 5235 112
4338 346 169
1641 2173 112
3744 3766 199
3680 3680 54
7208 7208 130
7067 7067 117
4224 2580 199
7014 7014 117
4052 4052 54
7065 7065 117
4652 2751 199
5513 5513 130
7234 7234 54
2181 2181 54
6337 2625 169
5672 3240 199
6317 6694 201
860 860 49
7160 7160 117
7040 7040 117
4 4 117
3102 3102 117
5290 577 112
1995 5508 207
3511 3511 49
7115 7115 117
7044 7044 117
6433 3677 201
6924 6924 117
7137 7137 117
6984 6984 117
4265 528 199
6785 6785 48
3 3 117
7024 7024 117
855 855 117
3075 2732 199
5658 6236 199
5464 2673 199
2243 4233 112
6429 6106 201
1264 1264 49
5099 5099 117
7189 7189 117
1049 1823 85
5039 5039 117
1602 2398 177
3898 3165 199
4257 546 48
5668 5668 117
2398 1602 177
4233 7239 199
167 167 49
539 539 49
67 67 54
471 471 54
1479 1173 199
5554 4819 85
4933 2360 199
6592 6592 117
1221 1221 117
1011 4671 169
563 563 117
797 797 49
7019 6226 199
4663 2584 199
3480 3397 199
4230 4230 54
2513 6 201
2778 214 112
3060 569 199
5427 2743 199
6890 6890 117
5084 5084 117
485 485 49
7175 7175 117
471 471 49
6516 6516 117
4061 2762 199
74 5749 112
67 67 49
311 311 48
7111 7111 117
4908 4345 169
133 133 117
4265 527 199
3123 3123 49
2837 6056 112
1264 1264 54
6993 6993 117
5222 2004 85
5813 3952 169
1109 1109 54
5361 4893 112
5267 3576 199
4884 688 199
6868 6868 117
2878 2952 169
5243 5243 117
5074 5074 117
