399
345 3751 94
418 5476 94
423 4967 94
4145 2162 163
4145 2482 163
4145 2071 163
4018 4765 53
6243 3230 212
3752 3525 168
3752 5658 168
3752 6764 168
3752 6241 168
4145 6253 99
5329 1949 53
4345 3725 53
4780 6069 53
4933 6663 115
4933 6640 115
4764 2669 217
1767 4629 56
5875 7089 94
2356 4357 53
3752 6793 168
3752 5795 168
3752 5141 168
3752 1390 168
4149 1065 53
4145 4654 163
4145 646 99
2179 2697 44
6212 3297 188
6457 1739 53
836 4885 53
4656 5317 53
2952 44 53
345 331 94
3752 7122 168
3752 5434 168
3236 3919 167
4158 70 56
4045 201 53
4184 4218 53
1349 350 53
6212 2739 188
3855 4385 217
6267 2246 94
3495 5955 96
2043 4104 53
3752 3852 168
3752 7129 168
3752 4755 168
864 3268 53
3236 578 167
3236 6911 167
423 3742 94
4145 2573 163
5329 2145 53
2607 1005 145
4345 2879 53
4573 5324 96
4769 3629 94
4769 1164 94
5232 2483 53
3752 6696 168
3752 4382 168
754 5285 94
5445 1613 53
3666 4241 53
4145 4387 163
4145 543 163
4145 3123 163
4145 1178 163
4145 3018 163
4145 2641 99
4145 4061 99
3492 5129 56
4656 6356 53
4049 4707 94
4764 4696 217
6267 4092 94
418 2282 94
1659 1628 53
650 4079 145
3752 4119 168
3752 6320 168
444 5294 53
3236 3783 167
3236 1209 167
423 3453 94
4145 1255 163
4145 1426 163
4145 1568 163
4145 6848 163
4145 2493 163
4145 3898 99
4145 4374 99
5649 5859 53
3855 2669 217
5912 1974 53
1622 5118 94
4933 6809 115
4933 6821 115
4933 6363 115
4933 6620 115
5232 1612 53
3236 204 167
4145 4654 44
4145 269 163
2079 3064 26
2179 391 44
6212 916 188
4656 6037 53
4933 6587 115
4933 6833 115
4769 3620 94
862 5413 53
345 4262 94
3752 6416 168
3752 5604 168
3752 397 168
4676 1579 53
3436 3885 53
2309 2978 64
5737 88 56
346 4179 94
2182 374 53
4105 2104 56
107 2305 53
4933 6716 115
4933 5482 115
4933 6820 115
3752 7278 168
3752 5734 168
3236 150 167
3236 3014 167
4184 5135 53
4145 1039 163
4145 2723 163
4145 6196 99
552 3552 53
4656 1242 53
4933 6712 115
4933 6794 115
4933 6292 115
4933 6808 115
4764 288 217
5232 1154 53
2719 4339 53
3752 3883 168
4145 346 44
1183 1398 53
4679 5565 53
6104 5499 53
4049 2349 94
2952 85 53
3442 3314 53
3752 5668 168
3752 5603 168
3236 1237 167
433 2675 53
2179 4345 44
1295 357 53
4764 963 217
4764 4371 217
6942 6035 16
3495 1969 56
1760 2716 53
3752 7017 168
5956 3239 53
3054 786 56
4145 4075 99
5737 4146 56
4237 3039 64
573 4339 53
2754 1702 136
4933 6770 115
4933 6763 115
3495 6951 96
3794 5805 53
3752 967 168
3752 2063 168
2736 4102 212
4145 752 163
2079 4309 26
2075 213 56
4933 6790 115
4933 5611 115
6353 4918 53
1068 5006 64
2356 6387 53
3752 3619 168
3752 6200 168
3236 6255 167
1079 3897 53
4661 5317 53
1077 145 98
5035 5882 53
4529 88 56
4145 1951 163
4145 386 163
4656 2145 53
2097 2423 217
4933 5454 115
4933 6614 115
4764 2658 217
4316 2831 56
2123 1151 53
4494 4111 53
3752 522 168
3236 1635 167
4149 5995 53
4145 2107 99
346 5556 94
1160 6483 53
6212 3281 188
7152 3321 56
1922 4419 53
4780 5600 53
5061 4401 188
4933 5765 115
6945 1556 53
4145 516 163
6212 3270 96
489 2956 188
2075 5327 56
3241 2734 56
3241 2367 56
4647 2544 53
345 6906 94
345 5559 94
5891 2770 56
3236 4338 167
1606 1674 53
3855 2875 217
4152 5558 94
4933 6251 115
4933 6693 115
3752 3549 168
3236 2104 167
3476 4834 94
4145 797 163
5898 3994 212
425 2542 53
4780 856 53
4933 6600 115
4764 2652 217
230 4344 53
1767 2491 56
418 1652 94
5557 1328 212
3752 5748 168
3752 5482 168
3752 1546 168
465 5681 188
423 3228 94
1817 1438 53
3952 3981 204
398 5285 94
3054 3121 56
4145 1125 163
4145 994 99
2079 3060 26
3819 853 136
873 3121 53
1096 1961 53
1622 689 94
4764 2641 217
4764 291 217
2952 3137 53
2846 5565 212
3752 5562 168
3752 2945 168
3236 783 167
3476 5579 94
4149 7079 53
4145 1758 163
4229 3711 96
2754 5123 136
885 2826 53
4933 6680 115
4933 5539 115
4769 5583 94
6267 4659 94
3752 2442 168
2688 1002 56
4149 1437 53
4145 3942 44
4145 2168 163
514 5511 53
195 2185 53
4933 6793 115
4933 6819 115
4933 6513 115
4933 6474 115
1637 4832 94
345 4616 94
5232 43 53
3752 5654 168
3752 4202 168
3752 2874 168
3236 5541 167
6083 2343 96
4184 1702 53
3666 2395 53
4145 4184 163
4145 3691 99
1025 2496 53
4651 4745 53
4933 6610 115
4764 4995 217
3236 6053 167
2079 4646 26
2607 1365 145
346 2076 94
3819 3007 136
7226 5390 53
4933 6593 115
4933 6288 115
4764 1746 217
3814 4966 94
4055 3260 56
4145 3680 163
4145 1159 163
4145 1431 163
4145 2130 163
3855 6302 217
4656 4011 53
4933 6638 115
354 3307 53
4764 3692 217
3804 3313 53
3752 7022 168
3752 3973 168
3752 3984 168
3236 6892 167
3236 2675 167
2251 6910 70
4184 1793 53
3054 3641 56
4145 2717 163
4933 6575 115
3327 3360 96
4764 3491 217
4764 4550 217
4764 3716 217
2952 4889 53
1767 1095 56
5232 2154 53
3752 4153 168
3752 6962 168
3436 3848 53
3436 5322 53
4654 3137 53
3236 4081 167
3236 1305 167
3236 6334 167
3476 4046 94
4557 2820 212
4149 781 53
4145 1041 163
4145 2163 163
4145 1299 163
4145 1096 163
4780 2797 53
4933 6636 115
4933 6782 115
4933 6246 115
4764 282 217
3752 6007 168
4145 1606 163
2097 3060 217
4933 6646 115
4133 2120 53
2256 6144 53
4764 301 217
6942 2894 16
6267 5686 94
3752 6959 168
3752 5450 168
3752 7248 168
5201 2704 53
2482 2223 53
4145 230 163
7228 319 53
4656 983 53
1195 17 53
4049 4400 94
858 2969 53
3752 5401 168
3752 4903 168
3236 640 167
1125 3783 53
4529 4339 56
3682 3007 136
3662 34 96
4152 2422 94
954 3404 56
4933 6290 115
4764 4385 217
