1916
7219 2046 122
6636 5001 129
959 3621 218
2703 3280 51
4576 5381 206
4409 6212 198
551 5033 76
4381 4135 170
2118 3178 155
5130 3072 87
360 749 180
2473 2046 122
6025 1267 92
3581 5427 22
3741 5001 57
407 4655 51
1599 4933 172
5894 4646 36
75 4830 47
1971 4933 172
2971 7001 173
1228 2579 58
5078 4549 77
6160 2095 172
6480 4787 173
2551 4933 172
493 5001 37
6518 4583 178
5220 2039 171
3954 5381 206
4813 5438 74
322 3075 172
2315 4568 75
5445 3597 58
4598 4135 170
1211 4830 47
6191 6162 118
2445 5786 81
3651 5566 78
5233 3752 180
2433 5573 173
1027 2579 58
3066 2077 19
826 749 180
4835 4933 172
1178 4830 47
4556 5832 173
1183 1180 51
3268 2532 170
6187 4933 172
5558 4830 47
3783 4933 172
286 4830 47
3616 5676 173
2734 2039 171
5265 5186 76
4162 5670 173
3283 4933 172
250 4135 170
4073 6128 18
1003 4933 172
4977 5196 103
1235 2046 122
1605 3980 51
1363 5001 37
6259 3654 165
5370 2005 122
5910 72 81
5194 3149 66
4003 4830 47
7195 6162 118
6900 2095 172
6900 3544 173
6249 5001 129
226 4830 47
3573 4933 172
168 5001 37
518 4830 47
5069 3964 73
4139 5373 77
1749 5828 74
2570 4135 170
1742 4933 22
170 3752 180
4133 4960 17
4253 2077 19
4764 4830 47
379 4463 68
6444 6083 19
1340 6604 173
3420 2005 122
663 4549 77
2878 4135 170
3881 2039 114
1509 4830 47
2932 2095 172
253 4646 172
1597 4917 87
6302 2151 122
6880 2046 122
3847 2552 178
4648 3621 218
3074 1827 74
1088 5001 37
1131 2046 122
3499 4830 47
5374 4646 172
2798 2803 71
432 4933 172
6413 6162 118
82 3752 180
5234 5001 37
2677 1810 89
3339 3752 180
7146 5001 123
648 2532 170
5995 4933 172
7053 6162 118
6860 3752 180
3310 4135 170
4224 4223 114
4546 2780 122
3705 6128 18
5809 6162 118
5809 2046 122
5910 4549 77
6328 4729 23
7142 4655 51
6560 6162 118
946 959 176
1206 4705 89
6539 6162 118
2390 2579 58
649 5407 65
2153 2674 58
2829 1827 173
928 2532 170
1815 4135 170
1226 3752 180
6791 6162 118
5290 1923 114
5535 282 172
732 4830 47
944 4549 77
120 4830 47
1636 1975 173
4213 4933 172
1741 4933 172
105 2046 122
5241 4830 47
663 5001 72
1691 5001 72
5810 1810 89
173 5001 129
6628 2046 122
3286 1810 89
95 2095 172
2311 3091 198
4311 2758 176
6105 3752 180
6489 4508 24
4749 7019 165
5424 1810 89
1739 4933 172
4088 4933 172
2968 4529 89
842 2958 173
7223 2046 122
549 2420 41
5757 6075 92
1731 5001 72
6883 959 176
5637 2039 61
4590 6162 118
3425 4655 51
6145 3621 218
3984 2046 122
2496 4135 170
2412 3072 87
3307 6111 173
1395 2418 198
181 4933 172
358 263 81
5977 709 74
4489 4830 47
776 5340 173
3301 2418 198
5335 2532 170
2833 4830 47
2872 4830 47
3884 3621 218
5309 2151 122
354 3653 51
2306 4135 170
2493 1180 51
1896 5001 37
475 4830 47
2384 2095 172
1970 5350 157
974 4830 47
6771 2005 122
1976 3752 180
3461 4933 172
3006 3752 180
4685 3980 51
3629 5001 72
3629 3964 73
5337 4549 77
3069 2005 122
3256 4933 172
6058 1810 89
5321 2347 81
2054 4135 170
5219 4933 172
2344 3621 218
3466 3752 180
6470 4830 47
6006 6416 165
1257 4135 170
4232 2077 19
1112 1021 159
4744 3752 180
6134 4830 47
5452 4135 170
5452 3752 180
6440 5001 129
184 4830 47
5690 4933 172
6590 5001 129
5193 4830 47
3464 2418 198
1371 4830 47
4811 5495 178
4309 4181 121
1350 2579 58
2226 5001 72
4422 7189 173
4636 2532 170
1017 2047 122
876 3980 51
784 3980 51
1194 4135 170
792 4933 172
3930 3621 218
6374 4039 51
1407 4830 47
6404 6162 118
3637 1471 173
4219 3980 51
2807 7117 173
6999 2138 122
4543 3621 218
4238 5001 72
4480 2758 176
1208 3752 180
332 4076 176
6369 749 180
4683 3178 155
3892 3427 76
2091 3752 180
7014 6419 116
4299 4933 172
5075 4830 47
4358 4830 47
2624 2005 122
1827 2046 122
2759 5103 86
4981 2317 73
1794 4135 170
319 3752 180
2498 5001 37
5851 5713 172
325 4135 170
216 4145 102
6023 4830 47
713 5001 37
4586 1810 89
4929 4933 172
4160 2532 170
5776 2532 170
2843 5001 154
1798 5373 77
1537 3980 51
2421 5001 37
949 2151 122
3049 4135 170
3273 4830 47
4536 4135 170
3387 5671 121
2642 3621 218
1258 214 157
2027 4039 51
6551 6411 116
7177 6162 118
904 1938 178
904 3752 180
3071 1621 172
5949 6162 118
2583 2418 198
4970 4933 172
4156 4135 170
2239 4830 47
6407 4830 47
3457 3178 155
6275 4646 172
4422 2532 170
6490 3030 122
97 5001 37
5769 2420 2
3472 4060 173
2114 2077 19
6710 2046 122
6585 4830 47
6656 6162 118
5221 3178 155
5262 3752 180
1977 3544 74
1387 1439 173
6305 4830 47
1115 1955 81
1115 3873 78
798 4933 172
2253 4135 170
6578 2418 198
6795 4830 47
6277 4655 51
6261 4562 93
5902 4933 172
5499 6858 173
1709 71 81
1064 6128 18
40 5001 72
2994 1810 89
3257 4933 172
4221 5001 57
644 4830 47
4842 5001 72
4378 4135 170
562 2780 122
5423 2095 172
872 4830 47
1747 4646 172
974 2046 122
3955 4933 172
3111 1131 74
1529 2039 171
5763 2046 122
7108 2005 122
4193 2532 170
3676 840 97
994 2077 19
1444 465 198
2246 5001 72
3765 4135 170
153 4830 47
1654 4960 17
855 6162 118
6126 5381 213
6615 6162 118
740 4135 170
2228 3060 172
2987 2039 35
7100 2046 122
5914 2579 58
1120 4135 170
5183 4463 68
1069 4830 47
213 2039 61
539 2213 51
651 6976 178
1227 5316 176
66 6990 165
5502 3752 180
1734 4830 47
927 4463 68
3562 4135 170
2401 983 81
5463 6128 18
4390 2077 19
1193 6753 173
4285 3752 180
3087 4866 176
5686 4463 68
3445 4830 47
4294 5001 72
2398 3752 180
1387 4135 170
6322 5513 157
183 5859 93
2985 4830 47
5344 4830 47
2546 749 180
2053 4170 171
3659 2532 170
1234 4830 47
6012 2151 122
4260 3752 180
4334 2095 172
220 1827 173
3282 4135 170
2167 4830 47
3349 4350 86
2255 5001 72
6591 5001 129
5895 5471 91
128 6162 118
4049 4830 47
3355 3060 172
4614 4830 47
1596 2370 87
8 6162 118
5074 6162 118
4182 4933 172
5272 5001 37
915 4135 170
1357 3752 180
6316 4646 172
1995 1021 173
1325 4933 172
171 5286 87
7162 4830 47
6195 2034 173
6475 2418 198
228 3621 218
2905 4830 47
1294 1915 171
3808 3752 180
2251 1810 89
2045 2039 61
5529 1433 81
86 3621 218
259 749 180
6066 6128 18
6855 2046 122
3084 2418 198
5816 5464 172
6587 6162 118
2313 2260 73
5930 3752 180
6486 4830 47
3972 5464 91
2478 4933 172
4688 2039 114
1590 5001 129
4821 4135 170
2859 4830 47
1416 4933 172
5252 2418 198
4222 1233 178
1043 6128 18
371 3621 218
4332 1810 89
2900 7184 74
648 6959 178
3649 5713 91
1134 1180 51
4521 4830 47
997 5001 57
6250 2046 122
2702 4933 172
287 5859 92
1302 4933 172
4375 1915 114
4543 6128 18
1977 3950 17
6556 5001 129
956 3178 155
2761 4933 103
4490 4135 170
1292 2039 171
4403 4933 172
635 4830 47
5977 1810 89
1587 4933 172
776 2039 61
4272 2552 173
5335 2039 171
1743 3964 73
3884 2077 19
1269 6495 157
2640 3752 180
3918 3195 81
230 4830 47
5317 591 173
5846 2046 122
179 3752 180
5544 4830 47
6633 2046 122
1338 4135 170
6193 2046 122
5628 5001 37
4581 4830 47
3334 1740 74
4644 4830 47
5413 3752 180
6118 4933 172
894 5859 92
5129 6340 176
3453 3544 74
7026 2005 122
1047 4646 172
2787 2626 172
1438 4830 47
5633 2418 198
5456 2039 171
6519 3752 180
1070 2674 58
2062 4933 158
2467 4830 47
1740 3796 51
4557 2039 210
909 5676 74
3149 6145 173
5138 4135 170
204 4135 170
5807 2046 122
6562 6162 118
3667 5786 81
6161 3980 51
2175 3980 51
1912 4243 51
7149 4933 22
6188 2077 19
6374 2674 58
2448 5472 134
4228 4830 47
6479 6162 118
4001 2237 66
5716 3387 23
7006 2138 122
4569 4145 102
7261 6976 178
3662 3621 218
2485 4830 47
1253 2532 170
1275 2039 171
5575 4830 47
4058 4135 170
7213 5001 72
4629 3776 176
1928 3752 180
4495 7019 173
4495 4135 170
921 4830 47
6241 4830 47
4120 6310 165
6767 2005 122
4356 5002 165
379 1739 73
7132 3984 23
7148 2046 122
5092 4830 47
4255 4135 170
4153 2151 122
2739 5316 176
5207 5464 91
4143 5001 72
7174 2005 122
5080 4830 47
5237 3980 51
2356 4039 51
2099 4830 47
4858 1810 89
4676 2674 58
3910 4933 172
6045 4830 47
7127 5001 129
2959 4933 172
6794 6162 118
2251 3548 73
1757 4830 47
6075 4646 172
1632 5316 176
4575 3803 93
6161 561 51
3187 3178 155
1337 1464 173
1305 749 180
4725 4512 178
5683 4830 47
2240 4830 47
3809 3752 180
4008 2532 170
3593 3060 172
1198 4933 172
3092 6932 74
3637 4135 170
2496 3752 180
5936 4323 172
1851 2418 198
2762 2418 198
5271 4512 165
666 5463 172
2761 3621 218
6640 5001 129
3321 4933 172
7060 4830 47
5383 4729 23
2254 5381 206
5198 4135 170
763 5001 37
2386 1810 89
2872 5316 176
4795 3862 134
1627 2532 170
1897 563 173
4871 5001 72
4816 5626 74
643 5001 72
1408 2780 122
2347 4933 172
3998 4830 47
4678 131 157
73 4417 157
2054 4696 172
1689 7019 74
4748 3621 218
3298 3752 180
304 5001 124
276 2077 19
5527 5001 72
6160 5316 176
1019 6268 114
4577 4549 77
5653 2579 58
95 5418 173
4740 6687 176
5958 4960 17
5067 6976 178
3598 3061 172
59 4646 172
1343 2532 170
1903 1492 157
4179 2253 86
69 2532 170
651 1827 173
6804 5001 129
3174 2418 198
2001 561 51
4673 3980 51
6843 2095 172
399 4830 47
1297 5001 37
2779 4039 51
3425 5001 60
5438 4830 47
2870 3621 218
910 4933 172
3649 5001 72
4857 3752 180
4200 5732 121
5667 4830 47
2408 2532 170
4977 4135 170
6781 2046 122
6322 1390 159
6908 3752 180
3284 2532 170
6968 2138 122
1968 3752 180
1478 4135 170
6823 4933 22
2644 4830 47
1922 4039 51
5084 6162 118
6916 4830 47
1585 4830 47
2675 2039 171
776 5713 178
4212 4664 81
2386 4625 73
3297 4135 170
4834 3476 87
6736 2138 122
458 3752 180
2538 4830 47
4049 2552 160
6399 5001 129
1804 2039 171
622 4933 172
6988 2138 122
4415 1021 159
1345 6687 176
1325 5001 37
663 4830 47
6163 2039 61
5346 4830 47
6355 4830 47
6245 5819 74
1316 4830 47
4858 4646 69
2551 4135 170
7065 2005 122
3476 1021 159
6597 2046 122
3513 3030 122
6619 5001 129
6619 2046 122
3359 5001 72
1088 4933 172
6526 4830 47
3512 4933 172
3231 5316 176
3065 2532 170
4329 2077 19
7198 2047 122
1561 3752 180
2770 5316 176
2403 4646 172
1433 1827 173
3562 2758 176
299 4933 172
764 2005 122
2401 2317 86
876 6785 157
7218 2046 122
2919 4933 172
6755 4933 22
6198 3344 51
4820 4135 170
7261 3752 180
3467 1827 157
7203 3862 23
5286 1021 159
5182 4135 170
190 3797 122
4126 4012 87
4126 5001 72
7188 4830 47
6977 4830 47
1361 3752 180
5749 4830 47
4765 3752 180
7094 4830 47
3672 1827 178
255 473 164
4419 2532 170
1830 3621 218
5693 2046 122
2303 3072 87
3102 2046 122
5161 5943 76
6197 6128 18
216 4135 170
311 749 180
6541 5373 77
4280 4135 170
4564 4135 170
203 4646 172
6642 5001 129
4669 5186 76
610 2005 122
1006 3752 180
2415 3153 93
504 5316 176
5725 2046 122
1046 4830 47
4538 2201 74
4654 2039 35
6105 4135 170
659 2532 170
6125 6162 118
1946 4933 172
6978 6162 118
834 1180 51
3398 4933 36
1079 3178 155
1740 3280 51
64 5316 176
1164 5001 72
1512 4933 172
1590 2138 122
2364 3862 159
2685 4830 47
335 4971 19
2020 5316 176
6027 5001 123
34 1810 89
5774 2780 122
2834 3621 218
4262 5001 72
3835 2552 74
5686 1810 89
2090 4933 172
6828 6162 118
4401 3752 180
1099 2524 34
405 5715 173
4540 4933 172
478 4830 47
979 3752 180
5359 2095 172
74 1915 114
6406 5001 129
1018 4830 47
4595 4135 170
3703 4888 82
6029 4135 170
6500 5001 129
940 4830 47
1693 3980 51
6909 2134 154
311 4830 47
5040 3072 87
3421 4135 170
915 5316 176
2686 5464 172
5765 2047 122
345 3109 34
7097 6162 118
4052 4830 47
360 3752 180
3486 3639 176
4204 2418 198
1141 2532 170
1927 5971 73
662 6162 118
6402 6162 118
5843 2005 122
32 1810 89
6134 1683 17
4445 2046 122
4749 3556 161
6441 4830 47
563 4830 47
3055 2418 198
2162 2524 34
4588 5373 77
3852 5001 123
854 1517 81
2808 1244 81
550 4933 172
1482 2418 198
2672 3752 180
1957 3276 86
2387 4933 172
1168 3980 51
2109 4933 208
7210 5001 72
2401 2552 74
1307 5001 37
34 5001 72
6078 5001 37
5674 4830 47
3371 2005 122
1264 4830 47
2408 4933 172
1516 2532 170
6031 2514 73
3014 2095 172
6863 5001 72
2976 4933 172
6795 2005 122
142 6162 118
2167 6991 165
3477 1810 89
1089 1975 173
1001 2532 170
2112 2077 19
2056 4830 47
3257 4933 103
1749 2812 65
6907 1827 165
1713 3072 87
736 959 176
6523 3980 51
607 3752 180
1412 2532 170
1805 3752 180
595 4960 17
4186 1810 89
3437 4830 47
4609 5366 172
3219 3489 2
2270 5001 72
7134 2046 122
1760 2579 58
1741 4135 170
3748 5001 72
3926 4933 172
1600 2039 171
391 2418 198
1142 2674 58
1215 2039 171
6580 6162 118
2899 2532 170
7022 2046 122
3418 1810 89
4552 855 173
1079 1180 51
835 2579 58
5201 4830 47
3075 6128 18
1422 3178 155
603 4039 51
2907 3072 87
1297 840 97
1528 4933 172
1795 4145 102
3678 3060 121
270 5001 37
1418 5001 37
2050 4830 47
3354 3814 87
6604 2046 122
2767 6128 18
4438 1810 89
7145 6162 118
6483 749 180
6737 5001 129
4770 4933 172
1206 5001 72
6423 5001 129
2366 1810 89
2949 4933 172
5313 4933 172
868 749 180
1150 4830 47
5856 5001 129
6216 489 198
1596 3060 91
1318 4933 172
3648 5001 72
911 2046 122
3043 5001 37
3834 5001 37
5776 2039 171
1427 423 87
244 5991 173
5139 2095 172
5139 3752 180
5261 5464 172
2376 3752 180
3273 1810 89
3298 749 180
925 4933 172
1051 2552 165
6518 4646 172
2615 4135 170
825 1077 63
2475 3752 180
935 4830 47
6075 2095 172
3692 2077 19
6449 4135 170
3953 4933 172
115 4830 47
2901 2470 82
3005 4135 170
854 5001 72
2224 4135 170
4156 5001 37
5296 6416 74
5500 3752 180
1475 3752 180
4397 1077 63
1020 2180 157
5503 4830 47
7156 4830 47
2131 3752 180
5812 5001 129
7194 4830 47
5686 2470 82
3649 5373 77
453 2046 122
3886 5381 206
1838 4933 172
3346 4830 47
6298 2665 74
2761 4933 172
1299 3980 51
4093 6128 18
709 4830 47
2976 4328 171
5331 6162 118
4595 5346 173
3703 662 74
860 561 51
6958 4830 47
5358 4159 176
2945 3030 122
5862 4830 47
4800 2514 73
562 4646 109
3955 3752 180
6671 4830 47
4392 6128 18
194 5001 37
392 2418 198
541 749 180
1376 3752 180
7111 6162 118
930 3752 180
5232 3109 34
7221 4933 22
811 4570 81
6720 2046 122
6689 2046 122
5073 6162 118
906 5001 37
4743 4135 170
6281 2047 122
6551 2138 122
148 4135 170
7275 2046 122
5222 2211 92
2211 473 164
6819 6162 118
4179 5001 72
1757 1055 57
1028 3752 180
3404 5832 173
1130 5381 206
480 4933 172
5242 5238 116
4649 3621 218
4309 2077 19
2187 563 173
1270 4830 47
7096 4830 47
5703 4830 47
231 3544 157
6647 6162 118
5585 4950 19
3470 2420 2
7107 6162 118
3040 2532 170
3640 5001 72
3640 4830 47
1099 4039 51
1940 6761 173
459 4830 47
6400 5001 129
6715 5001 129
6334 3752 180
4238 1827 74
4902 4933 172
2500 5227 74
6645 6162 118
1292 749 180
6180 3621 218
220 2039 171
3439 4933 172
6314 4830 47
5554 5373 77
3934 3621 218
4961 5672 74
5464 3621 218
2958 6162 118
170 4135 170
4392 3621 218
2913 3268 92
2744 4933 172
1947 5316 176
1543 2737 214
7108 6162 118
4564 6302 172
813 7044 173
3069 5001 123
3069 3743 121
2820 563 173
6718 5001 129
2027 2674 58
1945 2047 122
2370 2524 34
2342 1810 89
5745 1810 89
2883 2532 170
5695 5001 129
4353 4933 172
1130 6670 165
5063 4135 170
6991 6162 118
1687 1810 89
2879 4933 172
2565 2420 41
5819 2047 122
1437 3752 180
1825 1810 89
3505 4830 47
2472 4830 47
1534 2780 122
5777 4830 47
6420 6162 118
1194 7036 178
584 925 81
6729 6162 118
1212 4933 172
6041 6953 74
4227 6599 165
997 576 51
6334 2039 171
5835 5567 173
2795 4933 172
6693 6162 118
802 2674 58
2253 3752 180
468 4830 47
1706 5971 73
1002 2552 134
1492 1021 23
3760 1389 81
5335 4170 171
2810 4350 73
370 749 180
40 4549 77
5772 2046 122
3122 6027 159
3893 591 173
5852 4830 47
216 6963 178
1091 1710 121
4331 2077 19
2085 3752 180
1057 4135 170
3569 4830 47
3602 4933 172
3228 1827 74
6579 2138 122
2 2005 122
2932 2039 171
1570 1304 173
6402 5001 129
5150 4321 173
1914 3178 155
1999 2039 35
3971 2874 178
7128 2046 122
5925 2532 170
5932 4933 172
6894 4857 65
527 2418 198
3510 6162 118
1959 5042 81
3375 4135 170
6453 3752 180
5157 2418 198
204 4933 172
3899 2095 172
7168 2047 122
924 4933 172
6332 2039 171
359 3752 180
990 4933 22
6372 5001 129
7039 2046 122
1554 4039 51
2730 4830 47
6031 3814 87
836 3178 155
3408 5001 72
5604 4830 47
5102 2758 176
3147 4487 172
2652 6128 18
3986 6294 121
5065 1810 89
778 2046 122
2893 4933 172
2091 2039 171
852 4039 51
6677 4830 47
2007 4830 47
2391 3178 155
1693 4830 47
130 6162 118
4933 2138 122
3337 4830 47
5997 4830 47
216 959 176
1847 6162 118
5218 4933 172
6240 4830 47
2522 4830 47
7056 4830 47
4213 5001 37
1006 5001 37
1602 2532 170
3486 4933 172
5150 2532 170
2999 4933 172
1257 4335 176
2544 4933 172
200 4933 172
1372 4933 172
1560 5001 72
3910 3752 180
3757 5001 72
5178 4933 172
880 3752 180
3761 2046 122
1428 4830 47
4611 3752 180
3852 4830 47
3750 4135 170
5374 4135 170
102 4830 47
5827 4830 47
1943 4039 51
3729 5531 173
6208 489 198
2783 4830 47
3446 4830 47
4339 4933 172
753 4830 47
4227 4830 47
6800 6162 118
7191 6714 116
6911 5001 37
2671 4258 81
5966 2151 122
1700 1918 74
4546 3621 218
74 6272 114
1351 4830 47
331 4357 65
6889 5001 37
3988 6473 121
1256 2418 198
3455 2418 198
5730 6162 118
4260 4933 172
1640 1827 173
3932 4830 47
385 3752 180
2402 3109 34
6648 5001 129
4504 3060 22
5089 4830 47
2255 5786 81
2890 4830 47
7273 4830 47
2037 3707 73
3707 4135 170
3122 3980 51
1150 561 51
4378 4933 172
1218 6162 118
5711 4933 172
4741 4830 47
2184 4135 170
4166 3752 180
5337 4830 47
1798 5001 72
5026 749 180
360 2095 172
5384 117 173
1570 5316 176
253 749 180
4497 4135 170
6049 2151 122
288 4170 114
4676 2579 58
63 3752 180
975 2046 122
31 3207 92
5222 4830 47
4686 4830 47
5067 4933 172
4671 3980 51
572 4960 17
2439 2439 109
4584 754 87
3685 3621 218
4036 2151 122
2798 4830 47
4803 5778 178
1746 2077 19
5315 4830 47
4521 2138 122
4380 2039 114
4014 4933 172
2217 749 180
5936 3752 180
4545 1915 171
287 3421 78
4889 3752 180
2804 3752 180
6630 6162 118
5627 4646 172
1324 4135 170
413 4933 172
4367 2077 19
4760 3271 114
4780 4830 47
7114 5001 129
6527 2046 122
5582 4830 47
1963 4135 170
128 4830 47
2111 576 51
4075 6128 18
3296 4933 172
897 3752 180
4376 5254 66
689 5001 72
2542 4135 170
3762 2047 122
369 5001 72
4467 3752 180
5628 5679 173
4436 5001 72
1222 4390 172
5854 4830 47
5219 4135 170
6858 2046 122
6972 4830 47
6498 6162 118
3894 1810 89
4739 489 198
6416 5001 129
4740 2095 172
751 3980 51
2707 4933 172
795 4135 170
6580 2138 122
388 4830 47
6244 1827 74
4088 2039 171
2331 5381 213
6191 2046 122
209 4135 170
6832 2047 122
5110 2418 198
2203 4830 47
2852 3178 155
1459 427 159
932 2418 198
7070 4830 47
4570 4933 172
1133 3980 51
6222 489 198
1360 4347 172
4565 1941 121
2093 4933 172
1117 3752 180
1104 2579 58
3836 1810 89
4228 3621 218
4389 2077 19
5480 5001 129
2734 3752 180
6060 1810 89
1335 749 180
1100 4933 172
7123 5001 129
6016 2532 170
2412 7019 74
947 4135 170
3552 2095 172
74 1352 114
4336 4646 172
3366 6128 18
4765 563 173
1815 6474 178
7114 4830 47
168 4830 47
5443 4135 170
6591 2046 122
271 300 173
4845 2552 173
4075 3621 218
3820 3178 155
6036 2039 171
689 1810 89
1376 749 180
3542 1810 89
7183 2046 122
4038 2532 170
1340 2532 170
5117 5001 72
7118 6162 118
5207 6382 72
62 4933 172
3466 4933 172
5687 3752 180
5577 3752 180
6245 5001 72
5670 6162 118
2648 4135 170
5282 4417 173
6044 2418 198
2397 3964 73
2968 5001 72
971 6162 118
5793 2005 122
1177 563 173
2482 4830 47
1124 561 51
4970 4866 176
1133 561 51
2898 4830 47
5757 1810 89
4063 1810 89
1939 5001 37
2389 4830 47
2491 2532 170
1192 4919 157
3425 4830 47
990 6162 118
286 2039 171
7192 4830 47
3459 1827 173
1189 3621 218
5197 1077 63
5993 1683 17
1961 5676 173
250 749 180
2298 5001 72
7251 4831 65
3467 4039 51
4959 4933 172
425 4830 47
2699 4830 47
5636 749 180
3933 2047 122
1300 4933 172
2091 4135 170
4656 4655 51
72 4830 47
2508 6224 81
3150 2728 165
2056 2674 58
2476 4933 172
6831 5001 129
1976 4135 170
4847 3752 180
4796 4830 47
2690 3752 180
1357 4135 170
4131 4830 47
3676 5001 37
1636 4933 172
5760 3061 22
6074 3752 180
3741 5001 154
3500 4830 47
304 2039 114
498 4933 172
3013 4463 68
362 4135 170
95 5381 206
1817 4655 51
1385 2039 171
6489 5001 37
1294 4135 170
3313 2532 170
5553 5001 129
3714 4933 172
4611 4445 173
2122 3752 180
6891 4681 176
6410 5001 129
2808 5001 72
3052 5421 81
757 2758 176
4180 3064 172
5612 5001 129
3370 2678 172
3824 5001 72
6188 3621 218
4487 2077 19
4078 5464 172
4222 4135 170
2677 5001 72
3689 2039 171
3544 2780 122
1792 4135 170
3649 1810 89
6612 6162 118
5006 1810 89
2737 5381 213
2170 7276 173
1018 1180 51
284 6128 18
4452 1021 23
6201 6162 118
5372 1915 171
6065 5001 37
168 4135 170
3699 4170 114
1226 4933 172
678 4135 170
1062 2095 172
6970 2138 122
4331 3621 218
3277 4933 172
865 2133 93
6592 6162 118
6472 4135 170
2417 4933 172
747 4655 51
663 2080 87
1598 6145 172
3974 4135 170
5213 6926 86
585 4830 47
6930 2758 176
4209 6463 173
3631 4933 172
1930 4830 47
1071 4830 47
1255 4796 157
1967 5366 172
2738 3980 51
2731 4135 170
2045 4933 172
4812 563 74
5924 1810 89
4584 3637 81
3512 3060 172
353 4830 47
712 959 176
1044 4406 173
842 3752 180
497 1810 89
5930 7192 173
6925 1810 89
4688 3621 218
1411 4135 170
1297 3752 180
1307 5316 176
3783 4135 170
3399 2418 198
5702 2046 122
4389 3621 218
3835 5001 72
88 6340 176
540 6128 18
2661 5001 124
2106 4135 170
7188 4075 22
3201 4224 172
888 4830 47
5496 5767 176
358 1810 89
1950 3752 180
555 5340 165
3712 6128 18
3929 4135 170
3929 3752 180
370 3752 180
5443 4933 172
1963 3752 180
5358 5434 178
2747 4830 47
2256 3178 155
974 5001 129
2069 6162 118
3329 3986 74
1033 5316 176
6196 3621 218
3347 4350 73
3057 3752 180
3762 3745 121
4958 4135 170
4467 4135 170
5652 6162 118
5333 3102 173
2025 4830 47
4415 4830 47
5738 2046 122
5256 1810 89
972 5001 129
2830 7257 173
5920 2095 172
5299 6162 118
4430 5971 73
4538 5001 72
6 4830 47
3458 4135 170
5178 749 180
2342 5001 72
4216 1810 68
4273 3643 173
1629 5332 181
4179 2470 82
4214 2138 122
1925 3752 180
1186 4646 109
3059 6128 18
826 5316 176
2198 5001 72
1734 6389 133
4337 4933 172
149 5366 172
2430 1810 89
6844 6066 172
578 5381 206
4590 2046 122
7021 6190 116
3490 6128 18
1768 4830 47
1368 4039 51
4464 3752 180
7092 4830 47
1209 2758 176
227 5001 37
2900 7196 74
6041 5819 74
1902 5381 206
3587 1747 71
979 5676 173
2821 2039 61
6968 4830 47
2170 5555 178
6811 2005 122
1254 3178 155
1279 4933 172
6033 5316 176
735 2039 210
7038 2046 122
1089 4135 170
1749 5001 72
1093 4830 47
1226 4830 47
4882 3752 180
1685 4159 176
1135 4830 47
3531 5669 74
216 7136 103
4418 6340 176
5955 5103 73
4796 2151 122
4702 4933 172
4192 5414 134
5459 4135 170
2379 4830 47
126 6162 118
833 4830 47
7164 6162 118
686 2046 122
1927 1810 89
5165 3752 180
2009 4417 74
3693 3752 180
4350 5381 206
4743 4145 102
2237 3752 180
4430 5001 72
5220 4159 176
754 2420 41
6940 2139 122
6244 1810 89
6519 4933 172
1308 4135 170
5974 4135 170
871 3178 155
108 3752 180
980 4135 170
3067 5001 72
4823 2039 171
6301 5713 22
2187 4830 47
5133 48 81
375 4135 170
1731 4830 47
2109 5381 213
3836 5504 78
3446 2532 170
5716 4830 47
4352 2077 19
5820 635 81
1953 1425 51
6178 3868 172
2658 2780 122
6849 2046 122
6811 5001 129
6735 4933 172
2723 3178 155
2074 4933 172
1206 263 82
505 2095 74
5372 6340 176
5298 3752 180
37 4725 86
3124 576 51
11 2138 122
128 2046 122
4778 3621 218
2526 5316 176
4155 4646 172
1995 3752 180
3305 3752 180
1619 4135 170
4320 1180 51
4009 4347 172
2971 4602 178
5100 4830 47
5123 2634 134
7155 4830 47
5830 4830 47
1607 4135 170
5931 4933 172
1424 6212 198
5923 5001 129
712 7002 178
2901 5001 72
5753 4830 47
3779 4309 172
3473 4135 170
6730 2046 122
2403 3752 180
3964 2758 176
5453 2046 122
5366 6382 124
923 2039 171
7006 4830 47
4285 2039 171
1708 4135 170
3935 4830 47
4488 4830 47
3587 5001 72
4668 4135 170
1387 4508 24
2130 1180 51
4246 4135 170
5785 3752 180
3781 2418 198
2976 5434 178
5977 4830 47
5039 4933 22
5907 2095 172
4504 4830 47
2202 5381 206
5248 5001 37
2612 4233 165
782 4933 172
4133 4039 51
4120 1827 173
2174 4896 165
6541 1810 89
5711 5381 206
41 1810 89
5763 6162 118
1761 4830 47
5333 6970 165
994 2151 122
6262 4568 75
244 5316 176
6367 5001 72
3152 2039 171
2324 4830 47
5321 5001 72
4581 6212 198
1325 2532 170
2490 6676 181
3913 4830 47
1257 3752 180
5840 6162 118
4437 4830 47
27 1810 89
4010 3752 180
1993 3980 51
6376 6162 118
6424 2046 122
6159 6162 118
3512 6880 134
4466 4933 172
6832 6162 118
3192 2532 170
2057 4830 47
2279 4933 172
376 7019 74
102 6162 118
2745 5684 165
2323 3653 51
6559 6162 118
2483 4135 170
6332 4646 172
4247 2077 19
5784 5001 37
1646 5001 72
1848 3752 180
227 2532 170
5349 4223 114
1792 4933 172
6571 6162 118
6800 4830 47
4141 6188 91
746 749 180
279 4830 47
3614 4060 157
6690 5001 129
4918 4145 102
5570 3075 172
4955 5316 176
7173 4830 47
2343 1810 89
7009 6162 118
6423 6162 118
5864 5001 129
7104 6162 118
848 3980 51
6944 4830 47
618 3178 155
1172 2418 198
1226 6976 178
2479 3428 181
1150 1180 51
1896 4177 173
4133 6467 157
5794 6004 122
1973 4830 47
713 3752 180
235 4933 172
2917 3752 180
1158 4933 158
2827 4135 170
212 2151 122
2032 3178 155
6592 6592 116
1179 4933 172
3364 1810 89
7137 6162 118
5019 4135 170
5557 4646 208
2986 2418 198
2729 1077 63
3954 3752 180
5282 4135 170
508 4646 36
213 2532 170
4148 4135 170
3131 2418 198
1149 4933 172
5859 4135 170
2764 3621 218
4547 3752 180
5819 6162 118
510 1607 65
1007 3752 180
3715 4933 172
204 3752 180
3739 4135 170
3268 2095 172
1652 5859 92
578 3752 180
2566 6162 118
744 4933 172
1117 12 173
166 2418 198
6747 5001 72
5143 4933 172
2623 5373 77
5676 6162 118
6080 1810 89
6493 4135 170
3260 3752 180
1118 4135 170
2587 2418 198
1203 4309 172
4274 4135 170
6512 3986 74
2233 4830 47
6564 6162 118
7014 4830 47
2833 4933 172
2872 5001 37
6459 6372 116
817 5485 157
5513 6162 118
2608 4135 170
3787 2095 172
5711 3752 180
4091 4933 172
636 3178 155
6262 3950 17
153 6162 118
4626 2418 198
498 563 173
3258 4135 170
983 4135 170
5160 5186 76
6366 1810 89
6061 4960 17
5452 5001 37
3175 7032 173
4478 3752 180
4512 4830 47
3512 5001 37
6066 2151 122
5608 4135 170
6573 2138 122
6348 5001 129
1561 4135 170
4558 1739 86
6607 5001 129
2483 2039 171
4689 4830 47
2907 1810 89
2411 4135 170
4271 6858 173
4567 4135 170
4078 2532 170
1563 5001 72
1127 1077 63
1187 5373 77
5172 4135 170
3537 5381 206
6908 2532 170
1254 1180 51
2520 3980 51
145 4549 77
310 2095 172
1706 3793 92
4092 4350 73
998 2039 171
6273 5001 129
1123 5001 72
6736 5001 129
5464 2077 19
1897 2758 176
411 4933 172
5317 3752 180
1465 4933 172
