4989
4796 4002 202
2095 147 120
2095 6495 120
4586 4734 79
4564 1816 185
2569 5637 32
674 2159 150
4467 2473 174
4440 748 193
6319 1738 147
6319 3699 147
4703 4159 128
4186 4646 90
7199 954 52
5037 4967 3
345 754 10
212 3556 162
2458 3545 3
4089 6276 62
4519 134 120
6576 679 175
1280 633 9
5717 4695 3
6857 2527 3
6058 4646 90
4306 361 62
2417 6676 175
2473 1420 128
1691 2039 80
2915 2906 106
6074 3600 185
1170 6429 149
153 6336 27
1490 4650 162
1246 5987 9
1570 4615 104
6402 6347 119
6195 2238 9
1972 5639 83
1972 4323 90
637 4487 152
637 1392 152
6000 737 3
229 996 52
1258 4055 52
2552 6269 120
6049 6317 149
1098 4650 162
4967 6360 14
6366 4170 80
5632 254 152
4112 3348 186
2238 4867 3
252 845 50
916 4063 62
1215 1754 174
409 5070 83
4311 517 9
6433 4254 216
5618 4064 90
4108 1830 52
6008 4544 90
4899 365 175
4065 1792 140
2731 626 175
1281 679 175
5984 3228 3
4172 3075 90
2489 5366 90
5397 2790 79
5397 4064 90
4627 5036 9
5153 526 4
4451 646 152
4451 4688 152
1934 2490 83
2557 2059 175
2433 4519 174
7151 1058 152
4628 6188 152
381 5365 83
5692 4961 3
2969 6213 185
5036 3227 3
4575 1490 90
4090 4245 113
3810 7170 182
522 2758 128
424 461 120
1856 5564 184
3942 1657 39
6429 7151 148
4337 5638 175
1788 5053 83
3529 3556 162
2079 3064 120
5463 5916 132
139 4746 50
4078 5215 9
3793 3813 9
3524 1250 174
4428 5167 152
4428 4548 152
2033 7138 120
4285 5405 9
1729 3676 4
5686 1541 79
5993 2876 175
3212 6262 3
1752 3019 79
1752 4933 90
4718 3064 90
3634 4638 209
2291 1842 3
4082 2075 52
808 4385 152
2106 2059 175
4323 7086 151
5417 4064 90
4571 6188 90
640 39 62
4249 5036 9
1021 5631 120
5822 2490 175
4164 1321 83
3408 2039 80
4651 996 52
1299 3241 52
4105 4051 55
2666 6140 38
3986 1200 128
1842 2238 13
5462 490 113
1390 1200 128
3578 938 193
4629 3334 62
7136 6960 120
1938 4002 202
5617 1733 13
3668 4978 175
3932 6724 120
5897 2039 80
2004 4064 90
5355 4933 67
2395 2366 62
6360 5156 9
2443 228 90
2443 6188 90
2231 6116 38
4943 5995 4
2810 2490 83
2320 3432 3
4574 6319 153
4805 4646 67
5986 4238 3
3206 4352 90
1608 1321 83
1958 4933 90
4704 1950 6
5399 1490 90
1749 6188 90
782 2550 11
4933 1112 120
4933 986 120
5607 3059 90
2747 4093 152
2747 5464 152
2864 679 175
217 5797 9
5564 1856 192
1713 5639 83
3994 5898 11
3711 4170 80
5989 5145 3
509 2619 135
2744 260 10
3895 726 113
3100 7153 52
1761 4309 90
2095 3544 120
206 6066 152
2880 3663 52
1284 3662 52
5082 4938 13
3468 1839 183
5294 5332 175
4732 4638 209
2049 2903 9
4759 5410 9
4233 3208 202
1444 1135 187
2680 2875 90
363 2039 80
3305 1778 62
3273 3038 79
3991 3728 52
1051 3984 174
2598 5365 83
6163 5249 106
4383 4033 79
3387 5716 120
110 546 193
3498 2059 175
5928 6381 175
5118 5134 90
2999 1664 10
3887 5130 62
2009 5427 67
5505 5053 83
4613 843 79
2830 1982 9
2438 6329 4
5946 4933 90
738 593 11
2903 3228 3
806 1972 131
5601 6381 175
5511 2059 175
5632 3357 152
3910 1599 10
3001 2725 193
4813 5053 83
5222 5427 90
2017 5222 3
4533 3496 175
1385 5153 9
2499 715 3
1320 4972 62
3345 1321 83
1831 4734 79
6053 679 175
2304 2150 3
2529 5036 9
1574 2454 9
5445 4051 52
548 5366 152
4172 3271 80
5059 4253 147
3480 6335 27
421 3842 9
4254 3710 152
3692 2402 162
3073 3673 127
993 4178 80
5236 3954 6
7167 4059 215
4451 2875 152
2122 5153 9
1044 5406 9
3937 2314 83
7151 2626 152
1124 5879 52
2041 4393 202
579 5332 175
4435 4224 90
3198 2540 10
2187 6381 175
3121 984 174
5249 6531 62
163 612 9
4257 4638 79
6332 2876 175
1652 2039 80
4417 4573 203
6208 1650 186
5366 490 113
4725 4978 175
6667 4707 62
4364 4095 186
2486 6735 4
34 5070 83
169 4904 9
2114 4245 113
3793 626 175
2100 2458 13
5713 701 151
5380 4100 175
3524 2460 9
3459 2059 175
5393 86 90
3414 5332 175
6372 6459 120
6859 2031 9
2506 1845 83
5151 2920 3
3526 726 113
4646 4159 128
3212 6041 3
3216 2669 90
1752 843 79
1752 4733 90
1510 1724 13
3379 2431 9
1127 6798 175
5936 4996 9
3341 6976 174
4682 2039 80
3097 6808 120
2291 1753 3
3016 3899 6
382 4178 80
4910 6048 3
4571 843 79
2658 677 113
2951 4053 152
3358 4663 90
1102 2095 174
3842 811 3
5134 2157 150
5359 6750 175
208 996 55
4953 4385 152
4622 3038 79
1208 7181 174
6735 3973 174
2644 2490 83
1938 2477 202
2074 5406 9
7050 7049 119
857 2688 52
5869 2113 79
2233 2075 52
3672 2059 175
6065 944 62
2872 2020 106
3077 5053 83
5986 5967 3
5986 3530 3
5251 5366 152
2626 6446 149
4139 4093 90
4878 4972 3
4933 2520 120
2619 1367 140
217 5796 9
941 3813 9
4378 679 175
4999 2442 147
5246 6415 119
3355 2508 62
4572 1043 152
3711 4405 79
3959 1998 4
4385 1091 119
4253 6319 149
4778 6437 151
5875 423 10
6036 5332 175
3747 5332 175
4280 5332 175
194 6000 9
3572 5185 3
3572 2437 3
1465 5414 174
5032 1668 83
1486 79 175
6666 6681 119
247 1805 10
1057 2431 9
3656 4125 175
3730 6130 174
5232 2635 162
502 3073 152
4038 5410 9
4020 2039 80
5225 4761 106
3721 4257 193
2488 6381 175
1829 4323 152
6025 2892 90
6025 3366 90
4791 5960 162
171 843 79
6210 5237 187
408 1461 52
3205 4638 79
2593 2671 62
1802 2039 80
1671 2059 175
800 4724 106
1347 5978 9
5505 2113 79
1597 5471 90
2438 2421 4
2199 3905 3
6049 3858 127
5152 5247 5
4321 1787 202
3938 6302 90
1372 4065 135
866 4726 88
4538 4328 80
660 4746 193
373 3749 62
3876 700 151
1290 3671 52
2453 4448 3
5222 5366 90
5992 2117 175
4043 5332 175
4899 2784 138
305 4245 113
5914 4055 52
1120 2084 175
3416 3858 90
2172 584 62
4584 6484 79
5896 1915 80
4505 2105 152
993 3066 90
4230 2708 52
5201 2870 52
3482 5993 4
1825 4938 13
1027 3728 52
4529 6952 131
6048 212 90
6411 6551 120
6407 2870 52
6330 5156 9
3343 1300 106
6429 2159 146
54 2158 146
4484 4158 52
377 5692 9
5558 2039 80
2491 4701 62
6304 358 62
192 4909 9
1352 2877 108
2972 1744 39
6926 2084 175
2275 4064 90
1083 224 175
2114 4377 149
6040 5638 175
4615 4731 100
2431 5265 3
4390 6152 162
3470 2574 3
2547 5889 62
6917 2084 175
240 4646 147
3094 5713 90
777 4224 152
4646 92 120
4646 5350 120
3212 7087 3
4728 6857 9
4016 5713 67
4345 155 52
4056 4650 162
4042 994 90
287 4223 80
2408 5023 9
3827 6471 202
2914 5638 175
361 4734 79
3274 679 175
1302 5021 10
6860 2298 62
1516 3482 9
1700 5365 83
5022 1933 3
5822 2017 9
1315 633 9
183 1414 83
4875 2763 202
4622 4033 79
4058 5638 175
2894 3824 62
2766 1844 38
3744 6766 120
2911 3713 202
5469 4978 175
1724 5234 4
1938 602 203
6261 5366 90
4452 1648 203
4382 2402 162
649 2135 79
6113 1510 62
6065 6976 174
940 3836 62
4647 2708 52
1567 3361 62
4928 6599 174
2626 6469 151
2626 6066 119
2136 599 9
4704 3631 6
4561 3716 152
1749 6135 90
4933 7149 120
4933 2359 120
2747 5427 152
5513 1648 203
2111 4158 52
5888 1349 189
4572 963 152
280 5767 128
5142 4212 62
5851 3770 185
2428 6115 38
246 4619 62
2232 1784 3
4729 6581 120
3098 5523 175
3572 2412 3
3572 639 3
3057 5332 175
1616 748 193
6015 4673 120
2917 5647 175
2095 172 120
2095 5350 120
1357 312 175
5544 228 90
5606 2285 13
6203 3214 55
2458 4666 3
5264 3513 90
2422 2892 90
1979 4746 50
1636 2671 62
1866 5564 183
4759 3795 174
5139 3572 9
5139 4846 62
3020 835 189
4578 1541 79
1691 4646 90
646 6182 151
5207 2790 79
1735 2808 3
1735 3658 3
5347 4170 80
6022 5053 83
6069 5153 9
6470 5332 175
637 6422 152
4232 6318 149
6000 1776 3
3002 2901 131
4264 4646 67
1597 228 90
5979 3711 3
4497 1596 62
4867 6484 79
2903 2096 3
2199 1934 3
2536 3105 62
4907 3651 3
4907 3703 3
6299 865 3
6299 7212 3
3938 3876 90
4676 609 52
5136 5755 175
2189 2039 80
5284 4385 90
4112 230 187
2238 149 4
3757 5471 90
695 4385 152
4311 5978 9
2017 1972 3
4216 4582 8
4169 6161 189
1933 2039 80
3657 1827 174
1097 5175 10
306 4907 9
6278 4298 79
512 2059 175
5555 4573 203
336 5737 52
5745 4328 80
4745 2342 62
5419 5464 152
3103 2638 106
4638 5192 131
2147 2059 175
6354 679 175
1424 6076 187
5580 6750 175
2162 748 50
1934 5070 83
995 538 151
1753 820 79
5753 7139 209
5930 7192 174
4400 3075 90
3491 7084 151
854 4638 79
4534 4746 50
761 2113 79
4096 2832 10
1512 1927 62
1379 2117 175
4040 4099 3
2984 3157 62
5138 2876 175
5036 2343 3
4435 5053 83
4435 2741 90
4835 3314 10
963 2158 150
5927 4663 90
5927 276 90
2378 5406 9
715 2135 79
5463 4374 127
1588 4646 90
5683 843 79
344 1827 174
2486 3360 3
2275 5713 90
2275 2669 90
708 2059 175
4487 2402 162
4615 3095 100
3470 2421 4
4428 4090 152
1163 5910 62
6272 6066 108
3208 2477 25
5349 2371 120
5197 88 31
1058 4245 113
7146 1021 119
2090 5296 62
6154 212 90
6154 6130 90
4016 2196 79
4883 5891 52
6288 6286 119
7166 3475 186
7261 2431 9
3583 6000 9
4814 1915 80
3276 2238 9
489 5464 152
2299 3530 3
553 254 152
6080 2423 90
3016 593 7
2938 5036 9
3647 3038 79
5022 40 3
2523 4324 52
1021 4415 120
1021 7146 119
5583 4232 90
5343 2741 90
6112 1107 83
1315 2452 9
6468 4055 52
74 4119 120
1904 4055 52
3060 6070 120
2563 2314 83
4388 6798 175
5149 5366 90
1377 4754 62
2414 4328 80
3023 2039 80
4371 3223 162
6218 4746 193
1309 3875 9
2388 2039 80
385 5022 9
3703 1729 13
4625 7245 62
452 5022 9
6029 517 9
3591 2314 83
6455 4404 216
2443 2039 80
3361 6302 90
3037 1981 9
2391 1948 52
4574 6317 153
2612 242 174
3934 4076 128
3699 3223 162
5285 4638 79
3412 4746 193
254 6433 151
1310 1220 174
2994 4382 90
2622 79 175
412 3105 131
5161 3525 90
3368 3073 152
705 2870 52
4981 1915 80
1661 4368 120
1154 2084 175
4999 3075 147
4619 5713 67
4989 2886 62
2874 3341 32
3805 5036 9
3032 2059 175
301 6152 162
2437 2484 13
4729 6575 120
3572 4172 3
3572 4588 3
3461 79 175
4055 2870 55
5032 1845 83
1334 633 9
5217 748 193
1328 6381 175
4095 2578 189
714 2626 90
944 3681 79
4685 501 52
863 938 193
5023 369 3
5650 2059 175
502 2741 152
502 5713 152
1832 2876 175
3312 3667 62
1444 4963 193
6435 32 3
2330 850 189
2470 4083 174
5404 5639 83
2739 2552 174
6239 4316 52
4143 6484 79
62 4136 9
1511 5070 83
2598 806 79
917 4978 175
431 2075 52
4697 2104 33
1347 2372 9
1730 3339 4
6000 4338 4
3002 2399 131
4498 1490 90
5616 4382 90
5946 3075 90
3322 5365 83
6309 4746 193
288 4650 162
1142 996 52
3679 2059 175
5632 3490 152
1966 4051 52
2904 2246 3
2904 4834 3
5932 3862 174
3227 2314 83
6793 6787 119
6894 4144 79
4486 4733 90
825 5332 175
612 5872 4
306 4910 9
1240 3428 52
3575 748 193
2304 2258 3
4175 3830 152
3859 6368 62
4179 5713 67
1841 4693 135
1615 5737 52
1615 4746 50
1849 3542 62
1850 2230 192
5984 2342 3
4172 4385 90
4254 2834 152
1959 5365 83
4154 4746 193
4184 5085 52
1092 4137 9
6449 2452 9
4451 1490 152
1609 6873 52
1956 2030 187
4628 1074 152
2300 33 3
881 4301 79
961 626 175
5211 2892 90
3999 3121 10
2309 3470 9
4592 938 193
1297 365 175
359 4417 174
5987 5048 3
4562 2904 9
2562 2059 175
5252 6169 193
2235 2523 189
6188 2159 150
2870 4055 55
570 2059 175
3678 1417 120
1043 5960 162
6096 828 6
3451 2095 174
5722 3891 5
5672 1230 27
1189 6142 119
584 843 79
5265 4033 79
3212 5004 3
1081 5378 9
4345 1243 52
5191 4704 5
890 5047 9
3341 2059 175
6209 4676 187
5667 3428 52
3097 1420 128
1003 365 175
4323 6447 151
5417 5495 88
836 3663 52
4238 1730 13
2523 2870 52
2658 4377 149
3862 5316 128
6259 679 175
1536 3012 52
3506 5124 162
5723 374 10
4093 6428 151
4953 2626 152
5024 5963 175
3577 4746 193
1706 5053 83
3095 4076 128
5978 6865 3
2469 633 9
4382 726 113
2004 212 90
2004 3876 90
3053 1490 90
370 5205 9
3573 5638 175
3934 4461 128
4961 843 79
4287 1300 32
168 2291 9
2508 5713 67
442 2238 9
5184 2669 90
5464 701 151
2056 748 50
4023 1768 120
4561 4352 152
4404 4663 152
67 2870 52
5358 5692 9
5399 2875 90
4816 3858 90
4878 5437 3
4933 2062 120
4933 7107 120
2747 6135 152
2747 544 152
3368 1043 152
262 5036 9
4133 4055 52
2595 843 79
4721 5332 175
2149 5944 174
319 7001 174
5989 1560 3
216 4338 31
3442 2334 50
5317 591 174
689 6484 79
3572 3982 3
3572 30 3
2292 6235 192
6196 2157 150
41 4646 67
5272 679 175
541 2059 175
4425 959 128
4717 6471 202
5082 2486 13
4703 2639 120
3353 4257 193
944 2940 79
3422 6902 174
2458 4701 3
7267 5531 174
5117 4033 79
2473 7035 120
5677 6336 27
1511 5365 83
1159 4792 52
5406 362 4
6930 3793 106
5150 5277 30
4119 1648 203
1257 1984 9
894 843 79
4498 3060 90
3453 5070 83
2905 4933 90
2183 1014 62
4434 994 152
5222 4253 90
383 5053 83
1050 5124 162
4686 1830 52
1095 3586 174
5745 2314 83
5745 6268 80
4175 4309 152
4065 1702 140
1088 759 10
3416 5070 83
6274 2447 13
5984 4099 3
5641 4158 52
6199 7151 148
4254 4791 152
6467 4133 120
4154 2511 186
5690 194 31
993 5464 90
6024 2278 62
4184 1767 52
912 4978 175
4451 3064 152
5689 5471 90
6787 6793 119
2122 2084 175
2901 5070 83
995 2159 150
5328 5471 147
1956 836 187
2550 255 14
3491 5316 128
4628 1064 152
1422 6169 50
652 6484 209
5692 5899 3
1572 6381 175
4529 652 131
5314 5471 90
3059 2402 162
4673 2075 52
1072 5987 9
3046 3343 4
7239 4257 193
3457 4059 52
3999 2557 10
6843 2300 9
149 5978 9
3688 5124 162
5658 602 203
6883 5272 31
5366 6206 151
1305 4741 62
1305 5955 62
1770 5464 90
7249 2039 80
3459 5332 175
2038 3116 50
3544 562 120
1364 2559 9
5686 4328 80
4646 5861 131
2645 5070 83
4987 5564 183
6135 6135 120
5820 843 79
1549 3589 9
4113 5070 83
2291 1511 3
2910 2875 152
808 2626 152
5230 4878 9
3604 748 193
2914 2461 9
2106 1689 62
2938 5877 62
1975 1230 27
2658 2158 150
1021 4670 120
4224 3357 119
5185 3876 90
5910 5053 83
5462 5821 120
1390 6508 120
7085 2159 146
313 6676 175
6104 546 50
951 4158 52
4452 1787 202
1152 5978 13
6900 4563 9
2869 3884 152
2810 1091 90
544 4245 113
4647 155 52
2612 5638 175
5986 4571 3
2508 1241 79
824 1797 79
254 2159 150
2481 4253 152
3885 3572 9
4561 6196 152
4878 6904 3
4933 6492 120
4933 1349 120
678 626 175
2747 4323 152
3225 5464 67
1839 3846 192
217 393 10
4524 5463 152
2812 2457 9
5988 643 3
3290 4309 90
5427 2402 162
4017 612 9
1964 162 175
2952 954 52
6529 2565 4
1147 5037 9
2095 1184 120
2095 161 120
3762 4461 128
5909 3045 9
5909 6676 175
4193 5475 175
369 2039 80
4703 515 128
5264 1064 90
3432 1241 79
3432 2314 83
4089 5151 9
4089 2059 175
1636 2059 175
2473 7033 120
3228 2039 80
4536 5340 174
171 5053 83
6022 4734 79
1824 5639 83
3205 4170 80
276 2157 150
637 4380 152
1780 612 9
4498 5471 90
6302 6446 151
2903 5004 3
2199 4217 3
4101 254 132
2200 5070 83
2551 2084 175
2904 1229 3
5178 4167 9
4654 4316 52
695 254 152
423 3228 11
5222 5053 83
2495 2081 52
221 4904 9
5545 2904 9
5412 1775 39
4686 4324 52
2499 5082 3
6008 4326 79
5775 3208 202
1014 820 79
1088 2059 175
580 2460 9
1850 6211 192
548 3884 152
4172 2875 90
664 5191 9
4512 1592 32
421 2084 175
4509 5365 83
995 228 132
5753 6484 209
2313 3059 90
3491 1114 113
2678 2402 162
2471 328 131
1512 5987 9
5036 2808 3
3052 4648 90
6275 2355 62
4322 4103 128
1314 4236 62
2527 6092 79
4645 1980 9
375 5154 9
1084 5475 175
7210 2039 80
1432 3441 10
2079 4778 120
6225 3104 193
3326 4170 80
483 3728 52
2870 3662 55
3113 3858 90
1198 6750 175
3736 1784 131
4428 3513 152
4428 4093 152
227 1980 9
6214 2722 186
2506 4799 83
5221 609 52
2590 1547 38
3212 4867 3
1397 5769 9
1127 2300 9
469 4451 148
6135 2157 150
2409 79 175
4909 639 3
3935 7236 120
4662 2159 150
489 2626 152
5255 6268 80
5718 626 175
6080 4224 90
4046 1321 83
6178 5514 174
4251 4326 209
1021 3639 128
279 5036 9
5740 6676 175
1220 1230 27
5595 4301 79
2652 677 113
3705 4650 162
4261 5990 9
2746 4638 209
6261 4638 79
3668 6798 175
4453 4099 62
639 2199 13
2461 2355 3
3439 5242 174
2443 1490 90
4647 5879 52
1210 2892 90
5251 3692 152
2481 3525 152
39 3959 13
1958 3876 90
4561 4546 152
1749 5053 83
1827 879 32
4116 1286 135
4933 606 120
4933 6968 120
2619 1638 140
5889 2039 80
4524 4323 152
350 5647 175
5988 5744 3
2886 2039 80
4083 6645 120
694 3728 52
4729 6573 120
500 3556 162
3140 4394 38
4869 2196 79
179 2084 175
7091 3735 79
2686 4040 9
3468 1839 184
5294 4125 175
6213 4169 186
2814 2763 202
380 2059 175
5023 3228 3
5023 2759 3
5437 4033 79
3748 3271 80
7267 2431 9
6221 83 187
2488 4677 106
1599 5037 9
6163 96 174
5273 2039 80
6918 1849 106
5181 489 216
5118 4933 67
5118 4933 90
3665 6777 120
3665 7147 120
855 2523 120
1257 4847 29
800 6381 175
3585 599 9
4697 6859 106
2099 4065 135
3894 4933 90
5979 3287 3
4506 5316 128
2903 6904 3
6480 5184 62
2199 3703 3
3710 1192 162
1263 4978 175
5136 5979 9
63 1988 9
4112 850 187
2904 3347 3
2238 5007 3
2342 820 79
5038 2039 80
2302 7246 3
6105 1080 10
5119 5990 9
6906 4638 79
4648 2402 162
1384 5638 175
5175 3354 62
3416 2314 83
4254 6196 152
4184 938 50
4509 5053 83
2557 3999 12
3599 1164 62
6116 4746 193
2313 4093 90
4771 679 175
6422 3060 127
5341 820 79
5957 5047 9
5374 4978 175
3592 5366 67
376 3959 13
4550 5124 162
6206 2869 148
4529 2178 131
2187 7052 174
3697 726 113
5671 1568 120
6275 1749 62
5259 1261 120
3165 6578 38
3655 2135 79
6899 2075 52
6187 2084 175
2400 5154 9
2616 1991 9
6785 876 120
3780 4746 193
5769 3649 3
4487 1192 162
5787 86 90
4109 331 62
1198 2372 9
1720 365 175
6456 3544 174
2637 6130 67
1074 2159 150
1074 3556 162
4428 2669 152
3451 5378 9
5151 6010 5
3689 679 175
3835 4328 80
1364 4907 9
4646 505 131
4236 2039 80
5145 4223 80
648 5987 9
4242 2283 62
5281 7169 80
5191 249 3
2645 3064 67
1127 679 175
5307 6015 174
1090 996 52
5128 2039 80
489 3513 152
1272 4646 67
3534 4650 162
808 3075 152
4018 2870 52
2938 325 10
4223 4648 108
1838 2386 62
6076 4529 52
1122 2784 138
4093 6199 151
5185 4309 90
4622 5463 90
5749 4393 202
3664 5451 120
796 4055 52
1086 1008 10
4123 5471 90
2657 3073 152
1706 1107 83
6261 5134 90
5978 6947 3
5978 5173 3
2265 4571 131
3146 2059 175
6512 1899 79
2262 5070 83
2443 3075 90
2869 6196 152
1435 4136 9
2112 5124 162
5464 6317 151
3154 2913 62
3206 4053 90
4187 5053 83
3885 4040 9
4139 5053 83
4979 938 50
6955 6956 120
5305 4481 62
643 4033 79
4933 7071 120
4933 7192 120
2619 5155 140
5678 1230 27
5886 2143 120
4981 228 90
3858 228 132
5988 5341 3
4083 132 120
4017 6750 175
3717 4377 149
3820 4746 50
5989 6847 3
6970 2897 120
325 2938 10
3747 2059 175
194 4136 9
194 3572 9
3572 3703 3
6196 6182 151
4418 312 175
379 5070 83
3057 2084 175
1666 3244 79
5272 1106 62
1328 6604 174
179 4847 10
4467 6544 12
6319 3884 147
3550 2135 79
5628 5986 9
2039 6422 108
5294 5676 174
212 6429 151
1798 4638 79
4763 5471 90
1280 2059 175
6784 6757 120
4068 6696 127
5404 4309 90
3863 3426 120
6022 5070 83
6195 2084 175
4482 3767 135
2999 5575 62
3620 4798 83
800 3267 106
569 3384 38
6000 5265 3
2544 5408 9
2830 7257 174
1112 4051 52
4988 6205 189
6049 2159 150
5152 593 3
378 4646 67
5136 2238 9
866 2113 79
2238 1784 3
32 2135 79
6880 6472 202
6880 4393 202
1833 2511 186
3757 212 90
4744 1362 10
5038 238 83
2519 6203 52
4962 806 79
825 5414 174
1205 5299 174
4387 6169 50
5813 3744 174
4108 501 52
5531 3209 202
2304 368 3
5990 1229 3
5924 228 90
3915 2309 31
2968 994 90
5975 2135 79
4557 2820 14
2901 3002 79
3720 4907 9
1697 4232 90
1956 1658 39
6832 6306 120
3937 2039 80
4628 4323 152
6453 6381 175
5692 6157 3
1954 4065 135
579 4978 175
4673 208 52
4687 4055 52
4277 938 50
1133 3663 52
3046 3704 4
2378 5924 62
5052 3064 90
4137 3347 3
1652 4933 90
2079 1388 120
3211 1956 185
192 2095 174
5366 6455 149
5579 5381 83
3783 2117 175
6926 3589 9
3607 4746 193
1104 3728 52
3793 926 9
4357 331 11
2229 4137 9
4665 2059 175
1720 656 9
4114 5722 9
439 5295 9
4428 3691 152
4428 2105 152
5722 2535 3
5722 6010 5
2141 4054 52
3835 5053 83
240 2159 146
4646 4426 128
1792 4978 175
1099 3495 52
6154 3060 90
4657 6427 52
1752 5464 90
3758 2059 175
3379 1376 31
4909 3418 3
5667 4055 52
2502 2932 4
2291 6025 3
3307 6111 174
106 2740 175
5566 3651 11
2906 5332 175
5723 6367 62
2500 1845 83
2563 3858 90
4765 5332 175
313 6750 175
2343 5053 83
3812 5314 3
1489 4313 52
3996 4573 203
3864 6156 120
2360 392 38
4367 2894 32
107 996 52
5340 5715 120
2893 1990 9
2004 2067 80
505 2790 79
255 2059 175
5476 4646 67
618 4055 52
158 1735 9
2508 4170 80
3349 2875 90
5251 2741 152
2481 963 152
2994 2039 80
3206 212 90
6038 5053 83
4139 4544 90
4933 7011 120
4933 7034 120
4933 3100 120
2747 3710 152
7089 2285 13
4800 228 90
5058 4646 152
3270 2552 90
3138 1321 83
4083 6642 120
3411 5564 184
5427 6428 151
3902 4912 9
5989 4858 3
2913 1321 83
4741 1241 79
3782 2330 186
1033 4824 62
7019 1648 203
713 5436 10
1947 6054 10
2095 3995 120
206 5427 152
3550 4638 79
6077 3223 162
5291 5144 62
2827 5647 175
1539 1830 52
4442 4606 119
2118 2725 50
4213 2508 62
850 4324 52
2376 2084 175
1735 368 3
662 3722 202
662 778 120
2641 4377 149
2944 5053 83
5881 6969 174
3258 5755 175
4498 2423 90
5979 5149 3
5946 3876 90
3382 4910 9
2659 1711 10
3017 4064 90
3860 4746 193
2904 7212 3
3876 702 151
1538 4055 52
1056 5409 9
4486 5366 90
825 6381 175
6489 3096 30
795 2876 175
612 2307 4
3182 4746 193
5555 1648 203
6008 843 79
4365 1568 187
4762 5463 127
3074 2314 83
1082 3544 174
2529 2876 175
6274 2214 79
4638 3017 131
4172 4323 90
4172 4331 90
2489 2741 90
4598 5963 175
2135 3318 131
4254 5462 152
3070 959 128
1728 4338 4
5409 2550 3
1468 3111 62
5030 4734 79
1609 4746 50
1753 5053 83
3720 5036 9
1697 4544 90
4522 1164 3
4400 4064 90
6122 4687 120
337 2913 62
5953 5427 90
1065 5638 175
510 4646 90
5692 5081 3
5692 4588 3
1517 3813 9
665 2059 175
2454 2342 3
4558 2741 90
6010 1664 6
3942 850 187
4322 3639 128
3021 2626 67
6517 4244 79
6087 47 119
4063 2314 83
5025 1728 13
5709 2084 175
4562 6381 175
3177 2314 83
5620 6529 13
4567 5638 175
2950 6529 13
2100 4328 80
1005 2059 175
3736 4887 131
1613 2983 62
1209 679 175
333 5638 175
1795 4083 174
4428 994 152
4428 282 152
4652 677 113
3984 6943 120
3093 1830 52
4325 2059 175
3690 4625 32
6333 4030 9
6333 5405 9
2802 1845 83
890 5575 62
1127 5990 9
469 2157 146
2154 2059 175
608 4298 79
6538 3595 174
6079 449 149
808 5464 152
3587 5639 83
1302 1297 31
5797 5420 3
2365 2230 192
6220 836 187
1605 5034 52
3201 6798 175
2006 2477 202
2006 1648 203
3047 3233 106
534 3601 193
3577 748 193
3577 4257 193
3986 515 128
7085 2158 146
1377 5889 62
3928 4319 119
7136 3776 128
6063 1787 202
6035 1088 10
555 1267 106
2218 2460 9
2218 6080 62
2866 2059 175
2202 2204 62
2535 4638 209
452 3326 11
6436 4175 148
4443 2459 186
1064 2158 150
4943 4725 4
4574 963 152
6531 4734 79
5986 3784 3
5251 3717 152
5184 1414 83
5464 6886 120
2994 355 90
3153 2876 175
4187 2314 83
1608 238 83
5403 3520 80
4561 3506 152
4933 7024 120
4933 796 120
4933 4670 120
5607 228 90
4982 3601 50
3628 4734 79
4270 2552 174
897 4092 62
4887 3736 79
5965 1161 52
4253 726 113
5020 5427 152
311 3862 174
2542 2059 175
7091 806 79
3867 5378 9
1057 3658 62
714 5471 90
5628 5698 10
5560 2135 79
1539 3241 52
5264 2423 90
1179 3875 9
6857 739 3
5139 5406 9
3020 274 189
426 2039 52
4068 2158 150
3420 3984 120
2399 3002 79
407 3495 52
75 2075 52
5798 2680 3
5798 1560 3
3320 3212 9
1344 1339 10
4119 602 203
4482 6390 135
6006 5954 174
6099 5737 52
1347 642 9
5979 5455 3
1808 3728 52
5434 63 32
2729 5036 9
4101 5366 132
5956 3495 52
7244 2423 90
6299 3760 3
378 4933 67
6366 5639 83
1836 5986 9
493 5036 9
4577 5365 83
4347 212 127
2342 5053 83
5222 6066 90
4686 501 52
3952 593 11
6580 6574 119
4809 2876 175
6017 6126 7
3416 6302 90
2172 5638 175
213 2189 11
5081 4351 83
2901 5365 83
1956 2235 186
5507 5717 9
4330 3862 174
1992 2059 175
7163 5634 39
5953 5464 90
4544 6182 151
2764 3496 175
1437 4978 175
264 2059 175
4191 954 52
2454 1959 3
1957 2039 80
1734 6389 138
6330 5153 9
5500 922 185
2722 4494 189
2722 1568 189
3308 5810 62
2152 662 174
6883 2059 175
2371 3209 202
3211 153 174
2093 6465 174
3990 4426 128
3990 2922 128
4636 3198 10
5366 2158 150
5366 6455 151
3716 3815 120
1628 1827 174
3698 3520 80
34 5053 83
3706 4733 90
6374 748 50
6462 4093 147
4359 626 175
2312 5464 67
4407 1445 187
6021 3059 90
6272 994 108
2506 5053 83
2559 299 4
3544 277 32
3526 4650 162
3094 4646 90
3094 3060 90
5686 6896 88
4646 726 113
4016 3002 79
656 1335 4
4042 4253 90
1187 212 90
5610 2039 80
4814 2314 83
3317 3318 62
1272 84 80
4018 5737 52
1302 5295 9
7105 6381 175
640 3120 62
1021 6401 120
1115 4933 67
5134 6901 120
5405 6043 4
5723 5984 9
2767 6436 151
2449 4137 9
4953 994 152
4995 2402 162
4995 6319 151
4403 3345 62
2721 858 189
5149 2039 80
4123 4253 90
3095 6817 120
2218 5037 9
2218 5022 9
6295 3209 202
5065 183 8
711 4293 50
4780 208 52
452 679 175
3600 1744 39
919 6750 175
1709 4638 79
3361 5713 90
759 5867 62
2810 3075 90
2320 4016 3
5986 1836 4
3349 4382 90
3412 852 187
3206 2892 67
2303 2892 90
4816 4326 79
643 6484 79
412 3347 131
4933 6205 120
5161 5427 90
320 5638 175
410 2059 175
2595 3019 79
3711 3490 90
2347 3812 9
1702 656 9
3820 4963 50
5989 7244 3
5989 3965 3
4060 6187 32
3111 2039 80
1804 64 106
3734 4978 175
2617 5879 52
3396 3906 202
3572 505 3
3648 5053 83
3100 5879 52
2095 4880 120
1543 2904 9
3834 5022 9
5333 6970 174
3437 1383 52
4409 3522 187
4663 726 113
2458 5972 3
5264 5070 83
1116 1767 52
6367 2039 80
380 5406 9
3730 5755 175
6435 39 3
1287 5332 175
5219 5638 175
1691 4382 90
5677 1353 32
3049 2299 9
1278 1827 174
5213 1321 83
7162 3104 193
1654 5034 52
3620 4224 90
2427 4257 193
6245 1827 90
637 3064 152
4697 4030 9
4848 6184 67
5129 4051 215
6000 3418 3
5436 4522 9
4070 2646 120
5979 6315 3
200 679 175
5434 566 27
43 5410 9
2796 2366 3
4907 4695 3
5485 817 120
1263 4212 62
2238 3905 3
1623 5638 175
4737 1541 79
5222 1321 83
939 954 52
5618 3858 90
6906 4033 79
4312 1735 9
6003 6486 120
4384 2039 80
2883 1748 11
3380 5191 9
4914 4352 152
6268 2105 108
5924 5366 90
4559 806 209
4172 3060 90
5397 2626 90
6066 5316 128
4505 5464 152
4611 3334 62
6787 6710 119
1468 4492 9
5081 5366 90
1697 450 88
1044 5154 9
2313 3876 90
5867 2314 83
4522 2809 3
4846 2039 80
4628 6130 152
1566 748 193
5953 212 90
4544 2157 150
5692 1698 3
5692 30 3
2984 2059 175
3378 4257 193
1072 2574 62
2283 5365 83
3666 208 52
4966 355 90
2020 5152 9
2423 6485 151
5987 6157 3
1305 6750 175
4674 1721 52
34 2039 80
1104 996 52
260 998 10
3470 1560 3
570 2698 10
570 3787 10
4359 5295 9
513 938 50
4407 1537 187
1848 6220 185
4996 4967 3
6047 3208 202
5985 2500 3
3094 3366 90
3551 5365 83
4646 4925 120
1100 5462 174
1782 938 50
6054 5228 62
3379 3842 9
6198 996 52
5781 5891 52
4457 2059 175
2088 5037 9
6540 4401 106
2291 2226 3
2291 5744 3
2671 5053 83
5417 2113 79
3238 4033 79
2821 5961 9
2658 5834 119
279 2436 9
5405 4122 3
5378 2550 3
1900 6092 79
5370 6336 27
4622 2892 90
4622 4224 90
3076 679 175
1390 4780 120
7136 4076 128
6063 3208 202
1309 1990 9
555 5523 175
3891 4776 6
5499 662 174
2004 5134 90
6455 4428 148
1982 5580 4
37 5713 90
4443 546 193
1306 4912 9
3297 162 175
5986 6946 3
5986 4695 3
2481 4646 152
5464 2157 150
4023 3888 120
4404 5010 152
5472 6463 120
5399 5366 90
4933 1166 120
4933 4245 113
4933 4323 127
2759 2135 79
1685 517 9
1685 6676 175
2111 155 52
736 1798 11
6197 2159 150
5427 6152 162
319 3973 174
1804 5961 9
3782 3348 186
2744 163 10
3572 3418 3
6236 6169 193
1539 5879 52
2836 1980 9
1345 2706 106
1952 938 50
737 2503 13
4263 6798 175
1325 2180 174
1911 3410 38
1722 2708 52
1141 2499 9
6239 938 50
4719 1267 106
4791 4650 162
4536 5724 31
5458 6710 120
5384 117 174
6210 4184 187
4644 3070 119
6069 5215 9
3620 6302 90
3620 4648 90
1228 952 52
4053 2158 150
4848 5464 90
1730 6033 4
6000 5686 3
2544 5156 9
5616 2135 79
5616 5464 90
2552 6471 202
5434 1679 32
2903 4750 3
2903 2343 3
3710 6318 149
1440 5332 175
2551 5978 9
2551 679 175
5455 2490 83
2904 7089 3
2904 4981 3
2238 7249 3
6880 3906 202
6880 602 203
3757 5427 90
4654 3492 52
3876 1114 113
2941 5288 9
2302 993 3
2302 5017 3
4216 2135 79
4216 1845 83
4216 5365 83
3182 1501 38
5175 5036 9
2865 207 174
604 5767 128
5531 3722 202
6846 2124 52
1014 5053 83
5990 3238 3
5183 2892 90
3416 994 90
213 2189 62
421 5505 62
4254 1098 152
5055 284 152
5236 4272 6
4451 5010 152
5689 5366 90
3508 2314 83
2457 4707 3
2978 4646 67
961 2059 175
961 4262 62
3800 679 175
6675 4709 88
4558 4309 90
1515 4316 52
963 2157 150
1737 5638 175
5052 4352 90
1297 620 9
1297 1302 31
2079 2778 120
812 5034 52
6926 2059 175
3589 4042 3
1686 5638 175
2131 2562 10
2431 640 4
5234 2431 9
6145 1504 120
4428 2875 152
3984 1542 128
4339 2320 9
2033 7143 120
4646 1642 120
4646 176 120
3212 5005 3
5972 963 90
6041 1541 79
2512 3728 52
2752 4650 162
1288 2196 79
2910 6049 152
1003 5152 9
4132 6798 175
1419 5085 52
2435 7091 62
6860 5961 9
4571 4053 90
1021 6975 120
2319 2316 3
3275 996 52
331 843 79
5185 4093 90
5185 1091 90
4875 3906 202
3060 5530 120
2254 2059 175
3744 6768 120
1758 4055 52
4629 2059 175
3095 6816 120
5617 2039 80
1585 2688 52
3146 2876 175
5065 962 79
2757 2059 175
6512 2741 90
4532 3705 108
4318 612 9
6360 4967 62
3600 2459 186
5248 5685 62
1709 2039 80
5834 4245 113
2833 679 175
2872 5038 11
4937 373 4
629 5295 9
2255 5365 83
449 3075 147
4928 3380 10
4404 3876 152
67 4316 52
1317 2059 175
4933 142 120
217 5153 9
4524 963 152
3267 6075 106
1711 3999 10
1556 3418 62
1747 3587 11
3290 1827 88
3194 3251 38
2149 4912 9
2895 612 9
4729 6328 120
3734 1982 9
1823 2940 79
3747 5592 10
2219 4963 50
752 2870 52
1726 5139 4
1666 3818 79
2095 1471 120
5270 4167 9
1543 4065 138
5333 312 175
1329 2059 175
669 7167 106
4372 365 175
3256 5755 175
6058 2423 90
2257 4339 6
1153 5638 175
52 1541 79
496 4002 202
2043 3241 52
3765 5647 175
2820 4557 11
1735 256 3
6133 1289 120
3665 4779 120
6120 3862 174
1589 4746 50
637 3896 152
1316 4978 175
1597 5134 90
4867 2460 13
6049 3896 119
5136 649 11
2453 1934 3
6134 5647 175
2615 2460 9
1320 5405 9
6008 2875 90
261 5628 10
3145 4522 9
2230 1850 197
4065 2827 140
5990 2048 3
5984 1560 3
2799 3872 12
3224 4646 67
638 1432 10
4254 4382 152
6066 2626 119
4154 3442 187
4972 3038 79
4972 5070 83
3070 3776 128
1664 5378 9
651 2552 174
4451 4542 152
2122 3711 62
4011 3470 9
3375 497 62
4773 4158 52
5867 2135 79
517 2800 3
676 1827 174
2798 4033 79
6605 6592 120
3673 3223 162
1592 5022 9
4309 4620 120
3052 5366 90
35 4646 90
3129 748 193
275 6428 151
6161 4055 52
1360 2059 175
4256 208 52
4256 4055 52
4137 4816 3
4308 4245 113
3704 5782 175
2079 1710 120
192 5769 9
4562 6261 11
5260 679 175
1628 5154 9
6188 6182 151
2275 4309 90
2275 5471 90
169 1725 9
169 1984 9
169 1396 62
6892 4137 9
2503 5372 4
2129 5156 9
4114 5638 175
4428 2678 152
4428 4487 152
4428 4064 152
4428 2624 152
5722 2736 3
5722 4557 3
1143 4792 52
4731 2960 120
2590 2815 38
5283 2499 9
2954 2275 62
4646 471 120
1398 2876 175
4016 1845 83
5995 2552 174
890 4909 9
6041 4638 79
3583 517 9
489 1091 152
2291 5606 3
2299 4940 3
2910 3073 152
808 2875 152
4543 2626 127
5417 5531 88
979 6750 175
3193 2815 38
6112 6188 90
4953 4696 152
2894 4400 62
5288 5617 3
2563 5471 90
6496 5722 13
6215 1650 186
4770 5638 175
2657 5427 152
4696 4245 113
2388 5366 67
3932 7193 120
1152 4638 79
2153 546 50
1461 3900 131
4926 1223 131
3760 2314 83
1694 959 128
2320 2901 3
1783 3020 186
6043 5405 9
5251 4688 152
3746 5898 11
4816 4061 90
643 2533 80
2747 4487 152
705 3662 52
4800 4933 90
4524 3858 152
5888 4108 189
4999 304 147
3858 7090 151
2104 4697 33
1526 2903 9
1423 2293 186
319 4978 175
5989 3894 3
4178 993 131
6216 848 187
1994 2904 9
5317 2903 9
3747 5638 175
1033 4701 62
2307 5647 175
3572 5321 3
3572 356 4
3504 1995 12
1666 2503 13
3006 6750 175
4155 3544 174
4717 6472 202
714 4064 90
1427 2626 67
551 5974 14
4381 688 182
4519 3639 128
5717 5617 3
4189 7057 174
2257 6910 6
1153 2876 175
2473 6465 120
4217 2199 13
6229 2289 105
3228 1535 83
4539 238 175
4494 5085 52
5577 2059 175
1671 5213 62
3620 4232 90
1257 6750 175
2860 2363 184
6929 5638 175
520 6335 27
5616 4232 90
5979 2100 3
5946 4648 90
2903 5069 3
2536 3023 62
3013 2039 80
6938 217 14
5495 1230 27
1560 962 79
2238 7089 3
1833 2459 186
695 3513 152
5222 5713 90
5222 6196 90
5704 3761 174
306 2904 9
683 4015 174
6008 4648 90
4671 938 50
1607 510 11
297 4650 162
3168 3134 38
4088 3337 106
4633 4144 79
4633 3858 90
1223 5070 83
6066 54 151
5055 355 152
4451 4068 152
4451 3830 152
4773 3054 52
1323 3842 9
517 5185 3
2678 3223 162
2457 551 3
1177 5191 9
2978 4144 79
5692 1933 3
3527 679 175
526 5153 9
4970 2393 9
6206 2157 146
6048 2423 90
393 2059 175
3751 2669 90
5688 3059 90
6222 5691 186
3942 2236 186
6275 438 11
5154 3285 3
3811 5977 3
3964 679 175
5658 6335 27
1020 4788 50
6927 2039 80
3475 2617 189
4338 4834 11
2423 240 151
5366 5316 128
5999 6948 3
1787 3209 25
2486 5082 3
5787 1321 83
3360 5053 83
5047 4967 3
2131 2671 62
570 4417 174
371 4650 162
6859 5332 175
5151 2527 3
4389 4650 162
5323 551 62
4646 1233 120
3212 6274 3
4728 5713 174
4657 4328 52
5281 2039 80
5307 5986 9
250 3508 62
160 2059 175
4814 5639 83
4662 4543 119
1272 5639 83
808 3064 152
4910 2601 4
1021 7011 120
3933 880 32
5595 1107 83
1916 3346 10
2766 3161 38
5194 1827 88
3578 4963 193
3764 2155 52
3023 4933 67
3812 5341 3
4123 994 90
998 3724 62
3357 4224 119
3053 3064 90
3053 4253 90
6360 5984 9
2443 4646 90
4395 2552 174
2391 748 50
3349 2039 80
5251 2558 152
3302 679 175
5184 4646 67
436 4055 52
2303 228 90
4706 4650 162
817 996 52
2037 4352 90
1958 4933 67
3880 1915 80
4139 4323 90
1749 212 90
5305 5130 62
4933 1557 120
4933 1039 120
4933 5075 120
3368 5366 152
217 2232 9
4981 1064 90
5888 5751 189
2874 201 32
2874 6489 32
5988 5048 3
4998 2314 83
5629 5471 90
509 4978 175
2103 726 113
3622 5487 175
4582 1915 80
5479 284 152
4986 4617 50
6121 5154 9
1057 3655 62
865 2135 79
3230 287 62
6862 2039 80
2305 2084 175
3152 1988 9
3152 6798 175
3856 6728 120
5650 6798 175
5232 4051 52
5459 2059 175
4068 6317 151
4454 2983 62
171 2626 67
407 5737 52
1599 5986 9
5213 4326 79
6368 5365 83
6368 2314 83
110 4746 193
6470 1991 9
3871 2454 9
201 2076 62
6000 1511 3
6000 5127 3
7247 1730 13
2584 2212 183
4264 3491 67
5832 566 27
765 1845 83
5946 4544 90
2610 3806 38
6299 2096 3
4585 1096 187
5466 5737 52
493 2059 175
5280 5036 9
95 679 175
4744 5647 175
2302 381 3
5222 4061 90
5067 4536 45
4648 4245 113
843 35 131
5593 5429 119
2882 6976 174
6819 6818 119
3416 5134 90
4638 1152 131
4548 5072 162
1733 4955 4
5698 5628 10
5055 3059 152
6449 1981 9
5580 1982 9
2061 27 3
5409 735 3
5930 2059 175
47 6087 119
517 5082 3
108 2059 175
64 679 175
761 4352 90
1586 4746 193
4090 4377 149
5296 1241 79
3899 2451 62
6332 5638 175
3475 341 189
4338 216 31
1652 183 8
5463 699 127
3130 1839 184
4674 1948 52
3091 5471 152
3698 5639 83
169 1986 9
5787 3513 90
3360 1414 83
2548 1241 209
1674 5990 9
5713 1621 132
3214 6203 55
5393 4382 90
174 6204 119
4407 3475 186
4428 6196 152
910 2552 174
4731 6566 120
5197 2734 10
5197 2059 175
777 3717 152
4646 147 120
4345 4158 52
5972 6135 90
4042 6188 90
2802 6484 79
4521 1230 27
3718 4746 50
6826 6828 119
5005 4938 13
2408 1592 10
553 6066 152
1977 4223 80
2485 4244 79
4126 228 90
5583 4053 90
2319 6060 3
330 2876 175
1004 4978 175
4902 7057 174
4622 2039 80
5910 2135 79
5288 4981 3
758 1826 62
4955 3572 9
7079 5406 9
1390 3776 128
1390 3984 119
313 612 9
1237 679 175
2976 3701 10
3618 3082 9
1617 6750 175
4696 6318 149
3712 6206 151
107 4051 52
2432 2245 4
2004 6302 90
6872 4933 67
6030 5154 9
701 2158 146
4805 2314 83
5986 1958 3
5416 6484 79
5285 3061 67
5251 228 152
397 3722 202
5184 6196 90
5464 3556 162
5464 5072 162
5407 5988 9
2994 3060 90
3153 2117 175
4139 2669 90
4933 1415 120
4933 5950 120
6256 679 175
2747 2107 152
5513 3209 202
4524 4385 152
3628 2135 79
3296 1991 9
3711 4696 90
325 27 62
230 2373 52
4729 6574 120
790 6529 13
3683 2460 9
2095 5449 120
1557 3663 52
5082 2484 13
4703 6594 120
3230 2059 175
2458 6893 3
5264 3858 90
5410 2548 3
2258 1107 83
5232 4315 52
502 2624 152
1537 3662 52
7252 2741 90
5951 6709 120
811 2113 79
4250 5951 100
3420 3664 120
869 2059 175
6435 2677 3
6435 5046 3
2680 6188 90
6469 637 216
3228 4799 83
2399 3038 79
3881 1295 120
5346 1131 120
2641 6152 162
4130 6079 108
2944 2039 80
5118 450 88
1600 2486 9
3620 2314 83
3620 4170 80
5351 2135 79
4379 3223 162
894 4933 90
5444 2486 9
2544 5987 9
2903 5264 3
2903 5078 3
882 2725 193
4967 5365 83
3017 3075 90
2302 3227 3
5222 3060 90
612 6303 4
2738 938 50
336 2708 52
1580 5006 62
4175 4323 152
5984 6947 3
3675 764 119
4172 228 90
4353 2896 62
4548 6152 162
4817 2117 175
6211 4169 186
4972 4799 83
4184 6546 52
5081 6302 90
5233 2626 174
5030 2940 79
2351 4213 12
5953 2669 90
1459 3728 52
961 5963 175
1512 1927 11
5036 4627 4
2454 1187 3
5211 86 90
5663 2059 175
3674 1241 79
3514 1278 33
3563 626 175
2309 3915 31
6161 1243 52
5210 2423 90
4417 4393 202
2411 5638 175
5509 3271 80
1770 843 79
1117 3813 9
6342 1773 120
5054 4158 52
5893 5332 175
2092 3053 62
3470 363 3
5156 2257 5
6462 275 147
4646 5160 131
3212 6531 3
1099 3728 52
4718 3059 90
5882 1514 174
4752 2059 175
4886 940 32
3016 7267 6
4141 2314 83
5583 3075 90
4905 4871 3
3963 2870 52
5691 848 189
5691 861 189
2500 717 79
1916 1806 174
2006 4573 203
3076 5898 11
3986 959 128
2414 4696 90
1262 1629 175
6261 2875 90
5617 3366 90
998 2671 62
4382 3208 202
2336 2039 80
2461 4961 3
5897 2113 79
505 4646 67
4853 4143 62
5251 3061 152
2255 6092 79
2255 5070 83
6447 4451 216
2037 2423 90
2618 5986 9
4933 4256 120
2747 3673 152
1436 5713 152
1639 5405 9
4800 3663 79
3327 4125 175
5427 5134 132
6893 5070 83
3262 4136 9
6036 4941 174
3734 5647 175
4280 5204 12
194 5990 9
1761 994 90
3627 2314 83
6865 4170 80
4519 6610 120
5232 1477 52
3255 2117 175
4493 1259 4
2257 5012 6
4233 4573 203
4084 3991 187
1689 5639 83
6435 1933 3
6544 5288 9
1829 2423 152
3334 2314 83
1509 3495 52
2932 5341 62
3665 3295 120
1972 2940 79
5413 5340 174
17 5898 11
6118 2084 175
6475 4257 193
228 995 132
1835 4158 52
5979 2500 3
1781 4051 52
2552 6310 120
4867 3736 79
6049 4550 119
906 2552 174
5956 4158 52
4907 2343 3
1263 679 175
1108 679 175
378 4144 79
63 365 175
4347 2549 120
5653 4158 52
2789 5023 9
4311 207 174
2571 5564 184
3227 5053 83
4486 5070 83
2553 944 62
5195 5713 67
4043 5638 175
3051 2876 175
355 2402 162
6008 4093 90
2304 3723 3
5419 2669 152
6017 4003 7
2045 4521 174
4088 2084 175
5984 5606 3
5924 2741 90
799 4055 52
2489 2135 79
4815 5803 174
4505 5463 152
3692 2097 162
993 6130 90
4451 6196 152
5930 3383 62
33 5639 83
4096 5064 10
5692 3227 3
5692 34 3
3592 6073 79
2984 2759 62
3378 4746 193
3011 4907 9
5927 4638 79
927 1241 79
1119 4158 52
3343 5295 9
6161 954 52
6429 2910 148
5133 2834 90
4397 3046 9
1788 1107 83
1731 2902 80
7088 748 50
1432 866 62
3523 2402 162
3096 5347 62
3708 5036 9
3973 566 27
5047 5069 3
4222 5983 9
4428 4368 152
2547 1227 12
3526 5960 162
7146 6958 120
777 4323 152
4646 1457 120
1335 1988 9
4064 726 113
3276 2461 9
4793 2402 162
2775 3156 13
873 4051 52
6908 5410 9
5583 3876 90
3358 6063 90
6149 2740 175
6298 5713 90
2050 748 50
183 5065 8
3275 4746 50
5378 3305 4
2985 4746 193
2546 17 10
5724 5986 9
1917 4646 152
5185 646 90
4622 994 90
4622 5471 90
1300 5647 175
1208 1827 174
2644 843 79
1922 870 52
4092 2196 79
4086 1166 187
2829 1353 10
3658 1716 13
2395 5638 175
3600 958 187
2676 4004 52
5248 246 10
4443 1657 39
4849 2238 13
5986 1288 3
716 4064 90
5251 3523 152
2481 3066 152
2994 4064 90
3206 2113 79
6447 5478 216
2626 6447 149
2037 5639 83
782 5984 9
4933 6992 120
4933 1740 120
4933 7095 120
4933 1160 120
4933 6989 120
2234 5717 9
1293 2084 175
2874 1579 32
671 1657 39
205 4125 175
2293 6492 189
5020 228 152
3787 1106 62
2952 3728 52
3998 2059 175
41 3060 67
379 5053 83
7019 566 27
3504 5638 175
1066 163 10
2095 2182 120
2095 111 120
1328 2486 9
3542 2940 79
4167 376 3
1643 4963 50
6203 3662 55
3676 5978 9
2422 2423 90
3069 2375 128
5023 4578 3
3255 3077 62
4213 2059 175
1832 3451 10
4578 3876 90
6221 4309 187
2379 5986 9
6289 976 120
2120 5638 175
153 3208 202
1579 2059 175
5057 2552 174
2593 738 10
1365 1989 9
3413 3777 120
5351 6299 13
4913 449 153
228 4403 32
2392 2059 175
5946 4638 79
2610 2773 38
2796 5038 3
3938 4053 90
3938 2039 80
2551 5638 175
660 4257 193
4170 1019 108
2302 4887 3
5222 4178 80
4169 5237 189
1385 6902 174
5175 5475 175
6244 1541 79
6138 2286 105
4598 2354 182
4254 1043 152
1424 4095 186
5063 5638 175
993 5713 90
871 5891 52
1762 2084 175
245 5638 175
1044 1827 174
6387 1286 135
4727 5316 128
5247 4104 6
517 256 3
5953 5070 83
2808 1733 13
5692 4384 3
4550 726 113
2798 1541 79
1954 2452 9
6235 2292 105
5314 4933 90
3505 2039 80
1133 938 50
1433 1827 174
3999 1711 10
5259 5945 120
3343 6750 175
4750 5639 83
724 1706 62
5987 368 3
3783 5332 175
89 2059 175
3716 5124 162
4047 2039 80
1674 3212 9
176 4059 52
3470 4448 3
1074 677 113
3984 1390 119
3414 5647 175
4915 5366 152
7005 5658 119
594 2059 175
3094 1490 90
1058 1043 119
4646 6351 120
4646 1693 120
3212 1777 3
1776 4144 79
3216 4696 90
364 4933 67
5191 6017 5
1382 1286 135
5667 2075 52
3276 2084 175
2502 1147 4
4606 4442 119
3920 2059 175
2291 5005 3
3385 4734 79
2408 2384 30
6080 1091 90
3016 3504 6
2435 4802 9
382 2940 79
2523 996 52
5583 5471 90
3358 5471 90
1122 5944 174
5691 5653 189
5127 2314 83
3151 2081 52
3060 2159 150
534 2725 193
5017 4298 79
1724 324 4
4371 2402 162
2875 3556 162
3812 367 3
3892 4799 83
1309 5961 9
4382 5072 162
639 1241 79
2004 6135 90
505 2039 80
2443 3059 90
2443 2892 90
3361 646 90
5648 3204 9
5648 6381 175
2810 5365 83
940 5036 9
2386 5464 67
4937 194 4
168 2525 10
5416 1321 83
5251 2682 152
4797 5053 83
5184 3513 90
2481 6049 152
5464 538 151
4561 4542 152
4139 5134 90
4933 1962 120
4933 1605 120
2698 710 62
2747 2103 152
5429 5593 119
3368 4053 152
1135 5879 52
217 4138 9
1713 4144 79
1062 2784 138
303 3687 62
257 4301 79
257 4638 79
3411 4746 193
5989 6904 3
194 5152 9
5032 1535 83
41 2039 80
1155 646 108
5364 3589 13
541 348 10
6430 5251 148
4586 717 79
2463 1187 3
2463 5015 3
3126 5414 174
6077 5124 162
4436 5487 83
4409 748 193
3794 4055 52
5264 3059 90
4702 3999 10
3432 5036 13
6862 2135 79
4519 135 120
5023 2258 3
502 5471 152
4694 4104 6
2257 221 6
3420 3740 120
2680 994 90
747 4257 50
5792 4125 175
496 3713 202
504 4250 104
1141 2552 174
1599 438 11
2120 2199 9
2177 2084 175
291 3556 162
1654 2688 52
4232 6437 151
2009 1111 79
5019 5638 175
3002 3628 131
2438 5977 3
1584 2460 9
4430 1107 83
63 1983 9
5632 5134 152
1688 4144 79
2238 5265 3
2987 5894 12
6880 1648 203
373 4044 62
4158 2075 55
306 5036 9
1294 3013 62
3515 5639 83
4205 5095 174
348 5036 9
3766 1112 187
5904 2041 174
4065 1203 140
6083 6444 120
4914 6066 152
4812 1321 83
5924 3075 90
548 2741 152
1428 748 50
4172 3059 90
4633 5010 90
3480 877 27
2822 2084 175
5055 994 152
4451 4308 152
3131 2725 193
1740 748 50
712 3572 9
1274 1477 52
1697 3060 90
1956 6169 193
517 3453 3
4701 5053 83
1422 4158 52
2889 679 175
4550 2402 162
4550 6437 151
5036 6904 3
4529 2281 131
6048 1091 90
1406 1232 140
6184 490 113
2309 2454 9
3343 4899 106
4689 6268 52
6883 4481 62
4592 1658 39
6388 1286 144
3268 5648 106
599 1310 4
5999 5082 3
5999 3227 3
3962 2059 175
3716 449 149
6188 6429 151
6270 4123 8
4237 517 9
5054 5737 52
4222 5638 175
4891 1451 152
5393 5366 90
4652 6182 151
3984 6293 120
3414 1990 9
5064 2913 62
1426 3601 50
777 4663 152
4646 3556 162
2594 5410 9
3212 2189 3
6154 6066 90
5281 6484 79
5972 3060 90
4042 1414 83
1187 2626 90
1353 2829 10
4448 2314 83
6317 4574 216
5996 679 175
4141 5639 83
6493 6381 175
2942 79 175
4037 1839 184
5691 4651 189
4902 6998 174
5749 6471 202
2666 6383 38
6261 6302 90
1206 4064 90
5978 4092 3
3932 4103 128
4780 7152 52
2461 5575 3
5506 3965 131
3053 6130 90
6029 2948 31
5554 4309 90
5519 3595 174
5251 212 152
5251 4329 152
5251 4706 152
254 6437 151
1310 599 9
3687 1321 83
4023 5369 120
4404 4385 152
4139 2741 90
1749 963 90
4933 6023 120
4933 861 120
2945 4393 202
3628 2741 90
1713 5487 83
2514 4237 10
6197 2158 150
3061 2159 150
6752 2158 146
5427 726 113
671 1349 187
4178 3286 131
5317 679 175
4331 6317 151
3572 5149 3
2259 6857 9
3141 4933 90
713 2406 9
1761 5464 90
2095 6448 120
1527 2039 80
6636 5812 119
2686 2059 175
5037 810 3
212 4646 132
6576 2084 175
4258 2291 9
2257 6331 7
4250 3856 100
3420 1694 120
869 5036 9
6435 1824 3
3108 3364 62
3921 3108 10
3765 4978 175
4616 6484 79
2101 938 50
1599 5472 174
4494 609 52
3767 2215 140
3665 1420 128
1972 4646 90
1257 153 174
637 3888 152
637 1746 152
3002 4846 131
5434 6472 202
27 4933 67
27 4326 79
1440 4978 175
6144 679 175
5284 4309 90
4112 1657 39
2238 1749 3
916 2059 175
6433 4254 148
4844 1414 83
6008 1064 90
4065 1062 140
580 4216 62
2352 2924 38
4633 2903 13
5397 5464 90
5055 5463 152
5409 2350 3
266 4963 50
5328 2157 146
5559 5365 83
5596 5737 52
2313 2790 79
909 5713 90
4628 994 152
4544 2402 162
761 3520 80
3067 3038 79
1164 4522 13
4640 2212 183
2798 5070 83
5036 3432 3
2454 5265 3
1362 4744 10
4435 5471 90
6675 3858 90
6010 3886 6
3052 4352 90
6330 2298 62
927 2135 79
6429 2910 216
5757 6484 79
4063 5639 83
5010 2158 150
1183 3058 52
2418 5427 152
3990 1235 120
2125 2075 52
5366 1918 120
3783 5978 9
4364 4833 195
4567 4062 106
2431 7211 3
5327 7135 174
3414 1984 9
6021 3513 90
1193 5154 9
5722 6496 3
3093 996 52
3616 5378 9
5565 368 62
4285 2059 175
2381 2552 174
5985 4113 3
1649 3544 174
1792 6750 175
6154 2325 83
6154 4053 90
3283 5410 9
6054 356 10
1248 1439 120
2802 2490 83
4540 2463 9
3718 208 52
1382 626 175
5610 5053 83
7166 1744 39
6209 6161 187
6313 6310 120
3016 1705 6
783 5616 62
106 7136 174
6860 5638 175
4224 5713 132
2737 2737 131
2546 2978 62
3151 5016 50
3664 4076 128
5496 5963 175
2563 6484 79
332 6381 175
3578 546 193
7142 4059 52
1377 2788 62
2414 3513 90
2462 331 3
5017 2940 79
7136 1420 128
1938 6472 202
6271 5167 108
6261 4064 90
1309 2232 9
3932 7194 120
3891 3886 6
3595 7112 120
4532 2442 108
5372 2486 9
452 3326 62
6029 2431 9
3361 5134 90
1435 5475 175
716 2197 79
5251 1451 152
5251 6079 152
5251 3705 152
5464 4717 120
2994 4224 90
3206 2626 90
3885 5154 9
3803 6381 175
4816 2113 79
1317 5647 175
4933 6991 120
4933 7037 120
3368 1392 152
1436 3876 152
868 5677 174
1135 2155 52
3805 5638 175
4083 7273 120
3194 3250 38
5629 212 90
2374 4257 50
2952 2974 52
2232 5744 3
1166 3428 52
6529 410 4
6495 1269 120
235 2431 9
2095 1455 120
5324 4144 79
2463 6060 3
4186 6135 90
5037 1187 3
2458 5017 3
1179 3379 31
1798 1541 79
1979 3241 52
2680 5134 90
2680 2626 90
833 748 50
1911 2326 38
2473 3056 120
1691 2626 90
3164 7170 38
1051 3937 62
5798 689 3
1128 238 83
3320 517 9
5118 5070 83
4291 1767 52
637 5464 152
1597 4053 90
3286 4638 79
5400 3317 32
5434 1579 32
5160 4646 67
4967 4638 79
1560 1107 83
4654 6055 52
4170 288 108
2342 5464 67
2302 2355 3
6461 4912 9
5538 2485 62
4648 6317 149
2397 2196 79
2899 4701 62
4745 1753 62
1232 4978 175
5571 5918 120
580 5692 9
3010 2084 175
4032 5053 83
4172 2790 79
4633 3075 90
3731 4646 67
3073 4650 162
5690 5288 9
2655 5487 83
4451 4550 152
2263 2314 83
1811 4506 120
2209 1830 52
2589 5462 108
4547 5326 174
2224 679 175
881 6302 90
5036 4887 3
5314 5713 90
5314 4064 90
1406 2784 143
2784 1406 143
5500 922 182
5154 4855 3
4422 1827 174
2212 2701 192
6161 2635 162
3666 2075 52
2735 2059 175
5025 1321 83
2079 3060 120
3523 4377 149
2020 2059 175
1588 2423 90
1913 3228 62
3115 2790 79
2114 3223 162
6710 6787 119
1674 5978 9
5713 4224 132
2129 5047 9
1884 4257 193
5393 2039 80
2909 2478 106
4407 2459 186
4428 1019 152
3678 3710 119
2359 4257 50
3544 6758 120
6154 4487 90
3216 3491 90
1187 6130 90
4540 1916 10
6329 2320 9
2291 5424 3
2910 5713 152
2910 6197 152
808 212 152
808 5134 152
5718 5332 175
4323 2158 150
4323 6199 151
4910 1513 3
4571 3060 90
3842 1706 3
5134 6470 32
4224 1271 120
3522 5085 52
3664 5339 120
5209 2084 175
1366 3671 52
1938 4393 202
3931 3639 128
5978 5919 3
3595 4103 128
3053 5463 90
5298 6381 175
6872 4646 67
452 4176 175
2869 3876 152
37 4544 90
3282 3470 9
1435 7157 174
4514 2876 175
5834 6430 151
5554 2423 90
2810 4352 90
5576 5963 175
4819 4933 90
5251 1050 152
442 5978 9
449 4434 148
6447 2158 146
2037 5070 83
4139 3876 90
4878 6517 3
5120 679 175
412 6747 131
4933 1760 120
2945 6471 202
1896 5647 175
1135 3671 52
170 6750 175
4999 5427 147
1062 2436 9
4133 996 52
3290 994 90
5629 5134 90
301 4377 149
2232 4981 3
5046 5427 90
6036 3542 62
2617 2075 52
2055 2692 50
235 5213 62
1277 4059 52
4095 851 189
714 4933 90
5291 5410 9
5037 5017 3
4409 850 187
4865 5639 83
4250 3665 100
4250 3685 100
686 1383 52
3486 3120 62
1735 1947 4
5159 4762 174
4130 5463 108
2177 3923 9
6126 4638 209
4690 2075 52
6000 5545 4
290 4377 149
5946 1490 90
738 2593 10
282 3734 32
2903 5337 3
2903 2412 3
2782 6203 52
1098 2402 162
3757 994 90
1047 6381 175
5222 3357 90
4648 6317 151
843 4571 131
6431 5796 9
2094 5378 9
6008 2626 90
2865 2084 175
1607 716 11
5419 491 153
5914 3671 52
5914 4170 52
5183 2113 79
3103 5523 175
259 2913 62
4633 3876 90
4353 3687 62
606 208 52
4319 3928 119
4148 2059 175
3447 5177 182
2968 1668 83
2975 850 187
5063 5978 9
4044 5070 83
2445 2490 83
2263 4638 79
995 6447 151
6387 2291 9
6856 4638 79
4628 2875 152
33 1107 83
3067 4493 13
510 4382 90
2440 3664 174
5036 3325 3
4435 994 90
5211 254 90
1551 2039 80
3377 1534 120
2309 679 175
2212 4640 192
4397 620 9
4247 4245 113
1588 5365 83
1528 5332 175
2355 4646 67
2486 865 3
3708 2059 175
6188 2383 120
2220 4519 174
3830 6319 149
5054 3495 52
4106 5378 9
2431 1770 3
1407 814 209
1613 5340 174
3446 2825 174
3414 626 175
2190 5984 9
6021 5070 83
3451 679 175
3325 5797 13
6272 3830 108
1189 5124 162
3544 3209 202
3544 4625 32
3094 3059 90
777 6130 152
5841 1096 120
6060 2319 13
2594 5871 62
5265 6000 13
3212 6863 3
6154 4253 90
2568 2075 52
4056 5072 162
4909 5972 3
250 6918 106
2752 726 113
6457 2870 52
2299 993 3
4571 2423 90
2485 5938 79
3862 7203 120
1102 3572 9
6112 4733 90
2831 1827 174
3159 5638 175
4546 305 119
3151 938 50
3664 1420 128
7085 4101 147
4449 6140 185
796 5891 52
2462 1825 3
5655 4938 13
6037 2059 175
5978 3784 3
2390 1243 52
776 5340 174
5685 3060 67
220 1827 174
3658 1727 13
759 4616 62
4574 4309 152
4574 4995 152
4937 6859 4
4937 2832 4
5592 6798 175
4819 4309 90
4819 2669 90
1045 2725 50
3687 2490 83
1958 4541 90
6910 4978 175
4704 4759 6
4561 4056 152
4211 6750 175
4878 3228 3
2832 1735 9
1317 6750 175
4933 2073 120
4933 7174 120
4933 817 120
4933 1135 120
4933 989 120
2747 2641 152
3225 2314 83
3368 3884 152
3270 6188 90
4572 1091 152
5427 6436 151
2952 1830 52
2232 4842 3
194 5036 9
2891 2291 9
4210 5409 9
1147 3572 9
4796 4573 203
2095 864 120
1527 2214 79
4717 4393 202
6633 6638 119
6319 3526 147
4703 6585 120
3709 2402 162
5264 963 90
4881 6750 175
3629 5713 67
4519 6616 120
1682 2059 175
6857 1802 3
3020 859 189
6696 4068 127
5207 4178 80
171 2314 83
4383 4144 79
3898 677 113
4906 679 175
3620 3075 90
17 5987 9
6245 2741 90
3923 1801 3
6160 2876 175
6480 2059 175
2199 5040 3
5632 2741 152
2238 36 3
2987 3285 131
4813 2490 83
2302 2800 3
843 1752 131
3345 1535 83
3345 2039 80
2475 4492 9
1336 5070 83
274 996 52
355 449 149
3515 3271 80
3613 546 193
2230 2365 197
297 2158 150
5974 5194 62
5529 5070 83
5529 5639 83
4254 4323 152
3915 4040 9
993 3366 90
4552 679 175
353 626 175
4557 6484 209
5420 843 79
5081 5365 83
5859 6381 175
1811 4228 120
2274 2334 193
7163 850 187
2478 5332 175
2457 3418 3
2457 4262 3
98 6115 38
2300 2497 3
4516 217 10
881 1107 83
264 584 62
4880 6526 120
6048 1074 90
5457 1594 182
4558 2039 80
4338 6000 9
4308 2158 150
1297 4978 175
1432 3795 174
5463 1738 127
3497 4639 62
1469 2059 175
6027 3850 128
445 679 175
3113 3544 90
5047 3545 3
3793 222 106
4733 2159 150
4464 1961 10
3470 5015 3
6462 4308 147
4407 852 187
4285 5797 9
3212 643 3
4016 2314 83
1960 1107 83
1335 1286 135
5972 4224 90
4042 3064 90
6329 4541 174
3317 5475 175
2466 6750 175
2291 3418 3
2775 4938 13
808 646 152
553 2741 152
4138 4113 3
2245 6000 9
2245 2084 175
3238 2790 79
5022 376 3
4126 4309 90
3862 5695 120
956 2075 52
3842 4163 3
6298 3858 90
5343 3060 90
3408 2870 79
3321 7089 62
5185 6302 90
5383 6470 32
2666 6102 38
2911 3209 202
7085 4232 147
2644 4033 79
5478 6319 153
1938 2763 202
4123 6270 8
5978 3227 3
5978 6041 3
1219 871 120
4993 5963 175
5499 5755 175
6512 2423 90
1745 2059 175
3282 1188 62
2810 3059 90
2949 5717 9
168 2456 9
5986 5281 3
6043 2499 9
5251 5834 152
2481 3896 152
449 4913 148
3206 4064 90
6447 637 148
2626 4646 132
4561 4550 152
4139 4224 90
1317 679 175
4933 6353 120
4933 7059 120
5607 2892 90
2747 1024 152
3368 6319 153
4378 6331 11
3858 490 113
3805 2552 174
3290 4646 90
3290 3858 90
2243 254 132
5851 3770 182
1342 2059 175
2913 2039 80
2744 998 10
6291 6282 119
3572 52 3
3572 6030 4
2095 4896 120
2095 6743 120
4425 6623 120
6319 4995 147
2509 5806 174
7212 2232 13
5294 5638 175
2888 3556 162
3629 4638 79
4763 4638 79
3069 7093 120
4213 2351 12
4694 1599 6
6696 490 113
6435 3551 3
6239 3728 52
6918 2876 175
1671 2876 175
637 6142 152
228 4329 119
6000 4858 3
4613 2314 83
1112 546 50
3286 2214 79
2552 1300 32
2552 6311 120
5946 4053 90
2903 4448 3
699 270 32
6542 6238 119
2238 4001 3
6061 748 50
5178 4909 9
6894 4646 67
4533 3289 106
4231 4033 79
1967 2247 62
4659 5365 83
2315 4933 67
6008 4075 90
4608 2039 80
5183 4224 90
3044 2059 175
3010 5978 9
69 2059 175
1784 994 90
4756 5316 128
4032 2113 79
1716 6035 4
259 4492 9
2489 2669 90
2150 3735 79
4254 6302 152
3447 5177 185
3915 2552 174
4292 6092 79
4104 2059 175
2445 4328 80
6638 132 120
1468 2059 175
1697 4487 90
4400 3066 90
7151 5460 152
7151 2892 152
5201 938 50
1386 4746 193
1227 2463 9
2808 2314 83
2300 328 3
2823 900 38
4040 2489 3
6675 4064 90
5211 3876 90
603 1161 52
6010 3676 6
6010 2470 6
3121 3999 10
5927 5463 90
5927 5134 90
789 4031 9
3738 1107 83
149 517 9
1298 4724 106
1297 4912 9
5558 6066 90
2079 964 120
2423 702 151
1352 995 108
5366 1066 32
5987 5189 3
3213 2363 184
2972 1775 39
1305 2784 138
3589 1164 3
3716 6430 151
4776 5638 175
4390 5124 162
260 1115 62
1074 2402 162
710 2039 80
3984 7127 120
4677 1267 106
3835 5365 83
1058 5960 162
1058 5124 162
1563 2438 13
3216 4061 90
5972 5070 83
945 1827 174
6054 2460 9
1187 6188 90
1955 2291 9
3756 4746 193
250 2509 106
1272 1800 80
2701 2212 184
6080 4638 79
1454 3513 152
1302 1985 9
1358 2059 175
3358 2875 90
5378 2548 3
1004 6750 175
2546 5156 9
4818 6169 50
5194 3064 90
1030 2059 175
2394 173 120
2911 4573 203
3578 2292 105
313 1991 9
5149 2314 83
4328 2661 108
998 2744 10
5978 5321 3
5978 1731 3
2247 4309 90
5042 5647 175
4595 772 10
505 1107 83
3696 5674 174
2443 6302 90
3361 3357 90
1064 4377 149
860 3728 52
4656 208 52
538 2159 146
716 4309 90
4957 2113 79
3349 2892 90
6909 2708 52
2303 212 90
3746 6219 10
6038 2626 67
4139 2892 90
4878 739 3
2832 4096 10
4933 7133 120
3122 546 50
4800 4224 90
1154 3212 9
5564 1866 192
3858 5072 162
5796 4800 3
4572 3878 152
4083 4947 120
3032 6798 175
280 4650 162
2232 3347 3
6023 4257 50
3782 6492 187
3782 5634 39
2095 6469 149
2095 768 120
6267 2455 9
3542 4798 83
7111 547 120
3126 5036 9
714 6188 90
1427 5070 83
2039 5463 108
1539 5542 52
5264 4646 90
5717 4961 3
1995 3504 12
6435 2100 3
2421 679 175
2246 4244 79
5677 1902 32
3273 3066 90
2819 693 38
5384 6798 175
3466 4125 175
3767 4555 140
3767 5172 140
6022 2113 79
75 3728 52
3898 6436 151
7162 860 187
374 5692 9
3620 3357 90
228 5124 162
1046 2740 175
4498 6302 90
5979 5127 3
20 1243 52
2011 1809 52
1621 5713 132
2904 4725 4
2238 2412 3
2238 3587 3
6880 3209 202
5178 2548 11
2342 2454 13
2302 6276 3
5222 1490 90
4904 5264 3
1931 857 187
6008 994 90
5745 3271 80
4065 4388 140
1014 4033 79
3168 6350 38
5183 4382 90
4638 4967 131
3418 2626 67
996 208 55
6075 5523 175
6066 477 151
6211 1133 187
4184 4158 52
920 870 52
1728 1259 4
3846 1839 184
2550 1241 209
2300 5017 3
4369 3470 9
3527 2084 175
2041 3208 202
4191 3662 52
5036 2901 3
4529 4003 131
6048 4309 90
4570 2059 175
4667 3662 52
6010 4003 7
3965 2432 13
963 2402 162
715 2749 80
2920 5151 13
4337 5399 62
564 2300 9
1168 5085 52
6187 6747 62
6303 612 9
3990 210 120
3419 3417 120
1060 6798 175
5999 1288 3
1913 438 11
2573 938 50
2191 4978 175
169 3836 62
3177 4712 80
2540 2539 10
3360 4170 80
792 2059 175
706 2124 52
706 4257 50
5156 2546 4
3836 3736 79
2286 3579 192
5722 5620 3
4001 6484 79
3551 2416 83
3212 1666 3
5145 2039 80
1919 2456 9
2195 5015 62
5191 827 3
1187 2892 90
6041 5365 83
7166 4257 193
1429 6546 52
5307 4015 174
4612 3212 9
2291 168 4
7251 820 79
2661 1114 113
4959 517 9
2701 2212 183
5394 4038 10
1021 6979 120
6139 2684 120
183 1652 8
367 2039 80
6259 2059 175
1351 4137 9
4093 6469 151
1968 3767 135
4875 1648 203
2253 104 10
4438 2432 13
5462 4377 149
5017 2039 80
5978 4834 3
649 6484 79
848 4051 52
2004 2423 90
3053 5427 90
491 4428 216
37 4734 79
2167 5295 9
4212 2039 80
2810 2630 80
4574 3357 152
1812 679 175
1354 7137 174
168 626 175
4957 2940 79
4704 5881 6
4404 4053 152
5399 2423 90
320 5523 175
3368 4309 152
1293 5154 9
4524 4652 152
170 2059 175
4999 4544 147
4133 5737 52
417 2934 120
4572 4309 152
3843 6798 175
3531 2314 83
671 5667 187
5989 2810 3
2498 5647 175
5204 4280 12
5535 1868 182
5535 1868 185
3734 3813 9
3329 1321 83
5272 4417 174
2185 2058 174
2065 3170 52
3966 1827 174
2888 4377 149
2458 2100 3
4763 5366 90
380 4907 9
5717 3982 3
2258 2314 83
502 2892 152
1741 5989 9
4084 2293 186
1340 6381 175
3420 4083 120
6221 5463 187
3108 3921 10
2421 3470 9
2330 1557 189
3881 2052 120
1159 4257 50
164 4065 135
3320 2084 175
291 726 113
2337 1594 38
3620 3858 90
6470 2059 175
2427 748 193
6245 3996 90
1589 6169 50
2438 2489 3
2760 3544 174
1584 5191 9
1980 227 4
4101 4646 132
7244 4733 90
5284 5471 90
148 2903 9
2904 4562 4
4347 6851 120
2704 2740 175
7083 4075 108
423 5875 10
2302 5222 3
853 162 175
5077 2135 79
4904 4858 3
4273 2876 175
5745 2039 80
2882 2059 175
3766 2794 39
4762 5366 127
5990 1842 3
6017 594 6
6017 3456 6
69 6675 62
5984 2200 3
3175 5410 9
3157 3663 79
4172 5134 90
606 501 52
2210 2490 83
4466 4784 62
4254 2107 152
5690 5332 175
1664 2999 10
712 2004 62
1044 1742 174
6530 4194 50
4773 996 52
5247 3034 6
2351 5970 62
2057 4055 52
1437 2059 175
4649 3988 174
214 1787 202
3965 4937 13
3999 2361 10
4645 3081 9
4470 4966 62
3114 5638 175
6927 3002 79
7088 6169 50
1183 1477 52
2430 1668 83
6844 2084 175
2227 1241 79
1017 4461 128
5509 4646 90
5999 4887 3
2235 5237 189
4008 79 175
3490 2157 150
1674 679 175
3113 2416 83
6877 365 175
4450 1839 184
3209 1787 25
1074 726 113
6214 1912 187
3544 231 120
5197 3544 174
3695 4746 193
3212 42 3
3212 7246 3
5995 679 175
4345 2075 52
4344 4932 174
4718 212 90
469 2158 146
4227 4615 104
6209 3991 187
5005 4638 79
5180 4352 147
540 2159 150
2408 4137 9
3900 4926 79
4889 4724 106
4910 3382 4
2501 4002 202
3348 1557 189
2951 4778 152
3862 959 128
4905 1934 3
772 5722 9
6149 4978 175
2319 4869 3
4164 4053 67
5627 5023 9
3408 5070 83
3408 1107 83
4102 2084 175
6321 6676 175
1220 6335 27
2574 1541 79
2630 6130 108
5469 1629 175
29 2314 83
3095 2758 128
5617 212 90
6035 5797 9
4696 2157 150
4696 3556 162
4382 3713 202
4272 2876 175
2004 5365 83
4318 4017 10
5912 4055 52
3037 2059 175
618 2870 52
2810 4309 90
4656 3428 52
1190 2059 175
716 84 80
2255 1241 79
4282 4978 175
5744 5365 83
5472 515 128
1087 365 175
2339 6701 120
4933 6943 120
4933 4052 120
4933 4673 120
4933 958 120
2619 5718 140
644 3674 62
3368 1490 152
1839 4037 192
2385 4199 80
4999 6253 147
736 2462 9
5988 551 3
5427 4999 149
4385 2157 150
1804 5638 175
2617 546 50
3042 5713 67
2282 2113 79
862 1830 52
3504 2876 175
1947 2269 62
636 4746 50
541 1992 31
4586 843 79
4586 2490 83
4586 4446 80
247 2059 175
5107 5556 62
5628 261 10
345 1519 10
6205 952 52
4519 6341 120
2270 2113 79
6895 1735 9
6857 1698 3
3255 5152 9
4250 3761 100
308 2059 175
7267 4608 62
687 2039 52
3108 3192 10
363 1724 13
658 6676 175
1691 5365 83
1727 1072 4
2120 2320 9
3035 4933 90
3620 2741 90
1594 748 193
3413 4553 120
1972 4053 90
6946 5986 13
228 3858 132
6000 4633 3
5019 3212 9
5616 3075 90
1597 2626 90
4988 850 189
740 5638 175
2199 639 3
4101 240 151
5601 5513 174
4434 4933 152
5448 697 120
2200 4933 67
866 2870 79
5284 5070 83
1945 6336 27
659 1916 10
4231 4638 79
5704 2059 175
2499 6865 3
1320 5153 9
6008 3075 90
5745 2940 79
2304 5048 3
1903 5879 52
2883 5999 9
3857 2059 175
1998 5989 9
1951 2155 52
4172 4646 90
4633 2423 90
2210 2314 83
6066 54 149
993 1490 90
993 4385 90
156 2039 80
6449 689 62
7084 2158 146
5420 2669 90
3733 5072 162
3192 3108 10
4329 228 119
7151 5366 152
5398 5639 83
2457 4940 3
4040 2094 4
2672 679 175
4090 677 113
4558 4323 90
1406 3478 140
1406 2769 143
6010 5627 6
1856 5564 183
6275 2876 175
5052 4309 90
2484 6900 4
3166 2059 175
2418 963 152
2401 4933 67
1588 4309 90
5579 1321 83
2000 5295 9
3589 5364 3
5007 4638 79
4271 5332 175
2431 3651 3
4665 4816 62
3736 7244 131
447 5460 174
5234 5717 9
1319 1982 9
4428 6067 152
6130 477 151
6047 2477 202
88 5197 31
2368 996 52
4207 6182 151
5265 1727 13
4402 2477 202
250 1543 106
3371 4076 128
1288 1727 13
6080 5365 83
106 3973 174
859 2075 52
3348 833 189
4037 1839 183
1021 6964 120
1102 6381 175
2908 4158 52
1115 2314 83
780 5987 9
3260 5332 175
5575 4638 79
4651 3662 52
4546 5124 162
3933 1542 128
3795 4002 202
4093 4377 149
2767 6462 151
3664 7116 120
1377 5867 62
4683 3728 52
2714 4746 50
2074 679 175
3095 1420 128
998 260 10
4452 2763 202
4382 6152 162
2757 2238 9
2336 3002 79
2233 5879 52
3053 2669 90
6455 4428 216
2869 6197 152
6347 6402 119
2167 3813 9
3573 2059 175
4819 5471 90
5251 3895 152
3412 1744 39
5184 4382 90
2303 5366 90
2303 2902 80
2755 6381 175
3603 4257 193
2056 4792 52
2728 4393 202
4165 5295 9
2832 2059 175
1827 6471 202
3225 2039 80
2384 2408 30
5888 850 189
5988 7245 3
3296 224 175
3296 2059 175
3290 646 90
2895 1983 9
5484 6653 119
6847 6092 79
1596 5053 83
2269 5639 83
2952 4316 52
1091 2159 150
5046 3060 90
4091 5979 9
4210 2059 175
1761 2875 90
4564 1816 182
4986 6055 52
6319 3830 147
4136 649 3
1826 4244 79
5023 2100 3
7252 4933 90
3020 6076 189
5437 4996 13
2054 2059 175
1691 3366 90
1619 6381 175
1278 5638 175
2276 4638 209
5226 2876 175
1914 1243 52
6195 2199 9
3620 5010 90
6006 5154 9
1257 642 9
637 2658 152
5237 1767 52
4697 3952 12
4848 4323 90
3441 2059 175
2438 1120 4
6302 2158 150
2552 1763 120
43 4978 175
7244 5989 13
4907 380 4
4967 2039 80
3017 4638 79
2551 517 9
5284 3858 90
4577 1107 83
1945 566 27
5178 5987 9
6432 6381 175
2459 2908 189
6137 5564 184
1320 4030 9
5424 2314 83
2327 748 193
803 2059 175
5175 3354 11
2865 2320 9
4275 2915 106
563 4573 203
2304 5424 3
305 3223 162
3009 153 174
5183 4933 90
5984 782 4
3512 6880 174
4784 2039 80
4184 3012 52
5590 5365 83
2313 3271 80
1451 4207 119
3192 2059 175
7151 4525 152
2300 3347 3
5692 367 3
6734 2135 79
5138 679 175
6206 2869 216
5249 5978 9
5927 3858 90
2539 5378 9
5661 4158 52
4063 5366 67
375 5284 62
377 5406 9
2093 5984 9
5987 1560 3
5509 2741 90
6947 5366 90
4061 6319 151
1083 5475 175
1532 2371 120
4615 2874 100
5713 3500 120
4450 1839 183
227 2015 9
1169 4170 52
4286 1286 135
1364 5036 9
4646 2970 120
3649 5053 83
1919 1488 174
5281 1321 83
5972 4232 90
4352 726 113
4352 6455 151
1510 2039 80
4208 162 175
5674 1230 27
1063 5124 162
1549 2876 175
6329 2084 175
997 2694 52
632 2135 79
5255 2626 67
3385 2790 79
5230 5405 9
3016 3285 7
836 501 52
727 2870 52
2523 2075 52
2658 6199 149
2658 6436 151
640 4844 62
6142 1189 119
5134 6469 151
5405 3285 3
2831 5364 62
4651 2870 52
302 6381 175
5749 4002 202
3669 4978 175
5478 5471 152
6820 7051 120
3892 1845 83
4328 2414 131
4367 4650 162
639 2039 80
6360 4967 11
6455 4404 148
158 1510 62
1089 2876 175
370 1163 10
6383 4257 193
5986 4940 3
4957 2135 79
5251 3525 152
5251 4308 152
5464 4076 128
449 3061 147
2193 2334 50
5407 649 11
2303 6302 90
2303 2626 90
2728 3906 202
4404 3830 152
6726 6719 119
4871 2503 13
1749 5070 83
4933 2774 120
4933 2290 120
4933 11 120
5607 4646 90
2747 6188 152
2747 5462 152
810 4933 67
217 6938 11
3628 3060 90
4278 4125 175
3684 4731 174
356 3572 9
3270 3060 90
4083 2375 128
5103 5978 9
2895 4978 175
5989 4867 3
246 5248 10
1342 2644 62
2232 5160 3
5046 1490 90
5046 2626 90
6036 5638 175
3734 626 175
3648 2039 80
6196 6199 151
5955 2039 80
1947 1735 9
5272 6883 31
5544 2039 80
6652 6651 119
6576 79 175
5139 4492 9
360 2463 9
3748 7139 79
6025 3060 90
3273 4638 79
3064 6182 151
374 4029 62
3620 2940 79
4379 5124 162
1730 4249 4
2860 2363 183
5979 1802 3
1584 5152 9
6448 938 50
5152 4732 3
6938 3646 83
6938 2416 83
2189 1845 83
2904 3004 3
2238 5082 3
5861 2940 79
252 2039 52
3876 5181 151
3985 3923 9
4904 3432 3
2499 2312 3
5633 748 193
1698 5639 83
3952 4697 12
1095 557 174
3761 1420 128
2164 1707 113
5175 2298 62
3742 843 79
2304 4865 3
1232 1982 9
3380 5205 9
4505 6049 152
2975 6205 187
3070 239 119
5690 4878 9
2901 1541 79
1286 6388 144
5559 2875 90
5247 232 7
517 42 3
337 5036 9
4289 679 175
4015 2375 128
4309 726 113
5105 3114 10
204 679 175
2198 183 8
5249 5638 175
275 2159 150
4063 2039 80
3666 3489 52
4137 1272 3
6842 2135 79
4308 6152 162
1297 1987 9
2310 2940 79
4725 2904 9
4725 5414 174
3589 5256 3
6027 3122 120
6027 6920 120
6188 6469 151
6188 6436 151
4554 4724 106
4487 4650 162
4589 1754 90
2448 5647 175
227 6750 175
1224 3214 52
6415 5246 119
3754 938 50
5011 2135 79
7146 6955 120
4646 4101 132
4646 1274 120
656 1702 4
1187 2875 90
2554 546 50
4064 6430 151
3097 3151 120
2291 334 3
3534 2157 150
6911 679 175
783 5616 11
4323 2159 150
1838 5340 174
5286 4031 9
2485 2039 80
1700 5053 83
2523 2155 52
5583 3858 90
4945 679 175
3842 3379 4
702 2157 146
5343 4382 90
4164 5070 83
2912 4055 52
2546 5405 9
1917 4933 152
1916 4453 10
3522 3662 52
5194 4663 90
5194 6188 90
342 365 175
6735 5190 174
781 4731 174
2462 3505 3
2875 7084 149
2657 3898 152
3891 4732 7
1585 1243 52
1461 3023 131
4532 6130 108
1380 331 62
343 2876 175
759 1088 10
701 2157 146
2612 5989 9
3206 1107 83
249 6529 13
4561 5010 152
4783 1803 52
4878 881 3
5889 5070 83
5173 5978 13
4800 4033 79
5205 370 4
5564 1893 192
5058 3710 152
3290 4382 90
4017 1985 9
3747 2826 10
