101
1312 2065 87
8974 8974 119
6941 3608 200
4684 4684 119
5060 6209 211
6483 4283 87
5084 5084 119
1106 1106 56
8605 8605 119
1329 1329 51
2834 2834 119
4319 4319 56
9092 9092 119
9012 9012 119
9254 9254 119
8923 8923 119
4722 4722 56
4691 4678 163
3252 7328 87
4891 4891 51
9317 9317 119
8364 8364 49
9333 9333 119
181 181 119
4453 4453 119
2358 3074 114
6262 4551 87
4891 4891 56
9285 9285 132
9129 9129 119
5901 1507 49
9073 9073 119
5337 5337 56
9127 9127 119
7210 7210 132
9313 9313 56
3080 3080 56
8285 8711 200
1201 1201 51
9233 9233 119
9099 9099 119
8 8 119
4292 4292 119
6939 793 114
4722 4722 51
9188 9188 119
9103 9103 119
8421 4888 200
8976 8976 119
9211 9211 119
9043 9043 119
8807 8807 49
5 5 119
9083 9083 119
1192 1192 119
3171 5585 114
8418 8015 200
1756 1756 51
6655 6655 119
2653 3369 178
9264 9264 119
1452 2627 87
7889 4209 87
6587 6587 119
294 647 178
2278 3386 178
5620 760 49
7415 7415 119
3386 2278 178
244 244 51
752 752 51
5619 2668 87
96 96 56
672 672 56
8603 8603 119
1691 1691 119
779 779 119
1106 1106 51
5580 5580 56
3876 317 114
8936 8936 119
9107 9107 119
6640 6640 119
691 691 51
5215 3899 87
9251 9251 119
672 672 51
8509 8509 119
4914 8334 87
96 96 51
445 445 49
9184 9184 119
196 196 119
4319 4319 51
1756 1756 56
9052 9052 119
6837 2831 87
1542 1542 56
8899 8899 119
6869 6869 119
6628 6628 119
