638
5473 4743 101
501 7359 96
501 4979 96
594 7171 96
7974 4802 184
6144 1715 55
5893 4140 97
608 6493 96
608 443 96
4868 1859 40
6090 6482 66
6507 462 203
624 7072 55
5283 6250 55
5854 5848 198
3851 2223 138
4347 5589 212
8175 4425 212
978 8304 55
7534 687 101
7675 7917 96
5473 5150 101
573 5506 138
501 8952 96
228 8133 198
4983 4735 169
4983 7403 169
4983 8786 169
4983 8174 169
6435 6667 100
4429 6771 168
7459 5899 98
6203 7871 96
6993 2738 55
3584 4881 212
5723 4946 55
6272 7969 55
6454 8675 117
6454 8652 117
7534 5578 101
2554 6093 58
7675 9158 96
6254 8255 96
4704 3816 98
7428 6027 198
5659 5055 55
3330 5742 55
4983 8815 169
4983 6712 169
4983 2022 169
1053 7697 96
4342 7131 96
5479 1473 55
5950 3736 98
7316 8097 101
8139 4495 187
8449 2515 55
3851 1961 138
3851 1825 138
6124 6977 55
7728 7160 86
4089 65 55
501 471 96
5337 6487 55
1478 2910 212
4983 9195 169
4983 7125 169
6435 2363 100
1019 3891 138
4429 5172 168
5487 102 58
565 2713 96
5320 304 55
7146 3175 184
5529 5566 55
4224 3667 58
1939 508 55
5335 2018 58
8139 3837 187
4244 4574 96
6472 3772 55
8214 3177 96
4704 7787 98
501 3389 96
2895 5413 55
4983 5094 169
4983 9202 169
4983 6235 169
6435 4574 100
1207 4456 55
4429 795 168
4429 8962 168
608 4967 96
4868 148 40
5529 6817 55
4041 5582 86
403 2876 66
1492 3383 100
6993 3035 55
503 6269 96
5723 4003 55
2233 1907 55
1946 6242 66
7030 5662 98
3851 1999 138
849 5290 55
6014 6987 98
6254 4825 96
6254 1615 96
8214 7353 96
4704 7011 98
3567 3328 55
6853 3521 55
8038 2083 212
4983 8713 169
4983 5770 169
5598 2641 212
4429 8550 168
3264 465 212
1053 6933 96
7226 5799 198
7138 2298 55
4709 1795 55
4709 6771 55
4872 5595 55
3596 4651 96
4111 3036 212
1420 460 21
6865 3884 86
5264 5801 138
4701 6696 58
7215 7154 212
6094 6330 98
7959 8141 198
5551 3184 198
6870 2272 98
6272 6006 55
6124 8331 55
7534 6212 101
7534 4289 101
6254 597 96
8214 5401 96
594 3236 96
2380 2324 55
2257 3065 55
4983 5435 169
4983 8289 169
637 6946 55
4429 3412 168
4429 5013 168
4429 1674 168
608 4656 96
3722 3341 212
2414 8044 212
1388 1420 58
579 3031 212
503 6251 96
7391 7645 55
7586 4154 55
7717 2778 55
1653 4539 55
6454 8831 117
6454 8843 117
6454 8340 117
6454 8632 117
5449 2395 55
3611 7464 66
6853 2297 55
7622 3670 55
7683 1130 66
4429 305 168
4429 7108 168
5950 4251 98
2945 4240 26
3584 5383 212
8139 1282 187
1572 1150 55
4970 5002 198
165 4771 55
6124 7924 55
6454 8598 117
6454 8854 117
5405 6166 98
7675 7596 96
6254 4815 96
1204 7100 55
5473 6113 101
501 5627 96
8230 5574 138
594 1926 96
2791 3358 55
5587 531 98
8327 5290 55
4983 8403 169
4983 7327 169
4983 560 169
6144 2245 55
7189 8153 198
4634 5138 55
4342 4169 96
622 1705 55
622 7874 55
8703 8680 212
3272 4119 66
7502 130 58
4398 2754 184
503 7707 96
503 5523 96
5938 8155 198
3081 537 55
5414 2978 58
165 3266 55
6454 8733 117
6454 7177 117
6454 8842 117
2536 7920 212
7534 2022 101
5473 5731 101
4983 9362 169
4131 8011 204
4429 220 168
4678 7698 96
2176 1180 96
5529 4940 55
5529 6705 55
4174 8080 212
8903 3570 212
7391 211 55
2315 8693 96
7586 8058 55
766 4757 55
6272 464 55
6124 1723 55
6454 8729 117
6454 8816 117
6454 8242 117
6454 8830 117
6472 3984 55
5812 4120 55
6853 1602 55
394 6090 55
3814 5719 55
2257 4356 55
4983 5135 169
3915 3845 212
608 7870 96
2414 1467 212
1640 2031 55
503 1216 96
8139 5468 98
6148 7271 55
1451 3655 55
8013 7192 55
3851 4031 138
6272 4322 55
5333 3323 96
6472 7764 55
4089 124 55
4643 4514 55
1709 6700 55
2257 966 55
3330 1043 55
4983 7415 169
4983 7326 169
4429 1716 168
608 7352 96
5777 4804 55
844 1165 55
622 3772 55
3515 5799 45
503 8031 96
2658 8151 184
1429 5316 55
4346 4912 212
1799 516 55
7534 4600 101
8996 7921 16
4704 2771 58
501 7785 96
4983 9076 169
7788 4432 55
4634 3214 55
367 1932 55
5479 1486 55
1492 4019 100
1492 5886 100
7581 3318 96
4224 1093 58
6161 601 55
7502 5474 58
5283 4978 55
6094 5996 98
1690 2082 198
789 5719 55
3851 2455 138
6272 5157 55
6454 8792 117
6454 8785 117
3702 8033 55
3663 1516 96
8214 7910 96
4704 9009 98
501 7820 96
3660 7872 96
8481 8920 55
7423 8142 198
4983 1348 169
4983 2925 169
812 633 55
3832 5411 212
7724 1174 86
2945 5681 26
2940 316 58
6115 9298 55
6454 8812 117
6454 7335 117
7534 6181 101
230 3387 66
5473 4736 101
8327 6437 55
1481 6542 66
3330 8368 55
4983 4814 169
4983 8119 169
4429 8198 168
4342 5106 96
1498 5151 55
6129 6977 55
1492 213 100
6583 7684 55
5950 130 58
657 325 21
8576 5965 98
6124 3035 55
1653 3280 55
6454 7148 117
6454 8626 117
5473 3864 101
5691 3962 58
5907 5425 55
4983 742 169
2873 8462 55
4429 2342 168
4603 1932 55
5479 7859 55
503 7253 96
1609 8473 55
8139 4476 187
9225 4525 58
2701 5817 55
6155 2062 55
3851 2899 138
6272 7315 55
6124 6729 55
6124 1919 55
6612 5797 187
6454 7536 117
6472 603 55
6472 1922 55
8214 4635 96
6853 3092 55
1188 1922 55
4950 8889 86
4429 5909 168
4429 1494 168
5210 5738 204
8139 4459 98
694 4096 187
2940 6990 58
4433 3830 58
4433 3341 58
3851 1313 138
6115 3598 55
5941 2177 187
3166 3866 212
7534 1418 101
6254 7695 96
573 2376 138
573 6010 138
573 83 138
7693 3868 58
4429 2071 168
4429 5718 168
4429 2578 168
2631 2413 212
7756 5173 96
5897 3517 55
532 1475 212
2284 2404 55
1528 2604 55
5482 7256 96
2858 4142 55
6454 8188 117
6454 8710 117
7534 7909 101
6757 1239 55
4429 3028 168
4429 2978 168
4678 6326 96
7581 7347 96
2064 1743 55
7708 5251 212
610 3593 55
4433 7302 58
3851 1352 138
6272 1196 55
6115 3643 55
6454 8620 117
6454 8611 117
5333 7434 96
340 5722 55
2554 3531 58
6254 2876 96
5473 5604 101
2956 1272 98
7254 1894 212
4983 7516 169
4983 7177 169
4983 2217 169
608 4418 96
5210 5233 204
565 6933 96
4224 4317 58
2945 4235 26
9214 4450 212
5052 1191 138
6125 7470 55
1221 4317 55
1521 2761 55
3851 5039 138
6272 4919 55
4089 4328 55
7675 7802 96
7675 2513 96
3983 7271 212
573 7113 138
8230 3446 138
394 1387 55
8481 3974 55
8038 3614 212
4983 7262 169
4983 4083 169
3083 8483 55
4429 1090 168
5479 9143 55
2221 5638 55
5718 7979 66
5579 4927 98
5723 7509 55
6094 5534 98
3851 6685 138
6454 8696 117
6454 7234 117
6254 7699 96
6254 7292 96
8214 6127 96
4983 3454 169
3787 1395 58
5529 6976 55
5479 2081 55
5950 4102 98
732 7208 55
2315 5016 96
292 3085 55
6454 8815 117
6454 8841 117
6454 8505 117
6454 8466 117
2345 6324 96
5473 7943 101
573 8916 138
573 28 138
501 6072 96
501 3816 96
6853 64 55
1018 5055 55
4983 7399 169
4983 5551 169
4983 3997 169
5598 4110 212
4429 7236 168
2414 1935 212
4868 6410 40
7983 3318 98
1215 6918 55
5529 2455 55
7752 2030 55
622 5602 55
4872 3382 55
503 2777 96
503 3535 96
1429 3544 55
6119 6227 55
6272 7509 55
6454 8622 117
9111 3182 198
4089 4196 55
7534 4580 101
7675 5724 96
5473 6268 101
594 8021 96
6598 2619 212
608 7781 96
1458 3373 55
622 5510 55
2945 6113 26
503 5117 96
503 2941 96
6865 3248 86
5052 4149 138
1326 2630 58
6454 8604 117
6454 8238 117
5046 6492 96
5341 4449 58
5473 5781 101
501 7910 96
5529 6084 55
1498 5614 55
9344 4351 198
5019 7720 212
6124 5272 55
6454 8650 117
513 4508 55
5333 8254 96
7247 8150 198
8516 5549 55
5033 4513 55
5473 6758 101
573 2693 138
1691 2092 198
6853 7302 55
4983 9081 169
4983 5226 169
4983 5239 169
2873 1143 55
4429 8938 168
4429 3772 168
2414 4138 212
3190 8961 72
7138 3930 55
5529 2587 55
6267 1041 86
4224 4838 58
3026 2641 55
1070 5239 101
982 2063 212
7926 3246 86
5171 4172 66
165 1945 55
6454 8586 117
4531 4561 98
4089 6400 55
2554 1520 58
5473 7038 101
6853 3049 55
4983 5483 169
4983 9021 169
4634 5089 55
4634 6983 55
6145 5266 55
6122 4328 55
4429 3420 168
4429 7966 168
4429 5383 168
4429 1828 168
4429 8307 168
608 6024 96
608 2356 96
4678 5322 96
5991 3948 212
5479 1087 55
2695 1896 55
503 3990 96
3788 7922 66
165 4070 55
6272 3910 55
6454 8648 117
6454 8804 117
6454 8181 117
4089 6849 55
7534 5357 101
7534 741 101
5473 5678 101
5473 3966 101
573 6189 138
6853 1608 55
4983 7875 169
4429 963 168
7316 419 101
6454 8658 117
5449 3000 55
3198 8055 55
8996 4029 16
6385 903 198
5033 18 55
8214 7438 96
573 3342 138
6853 5638 55
4891 1989 55
3660 959 96
7622 583 55
5907 5671 55
4983 9018 169
4983 7143 169
4983 9330 169
4131 3596 158
8868 5770 101
6810 3804 55
5479 4160 55
3519 3136 55
503 2743 96
9307 456 55
3851 262 138
6124 1371 55
1653 23 55
5333 5796 96
2948 7163 58
6254 1092 96
5473 440 101
501 2560 96
4891 1344 55
4983 7082 169
4983 6417 169
6435 8949 100
4429 883 168
1558 5013 55
1492 6012 100
5950 5719 58
6425 434 212
4894 4149 138
4866 53 98
8269 4936 198
5482 3423 96
1328 4606 58
6454 8240 117
2900 1309 212
7534 3729 101
