3080
9297 2901 124
8648 6534 131
1333 4817 218
3803 4472 53
6017 7058 206
5810 8139 197
7820 6534 74
5034 7732 75
7139 5585 76
2997 4367 157
6699 4254 89
520 1049 181
1995 6113 173
3506 2901 124
4777 7119 22
4966 6534 59
575 6123 53
2266 6454 173
5055 6454 173
107 6320 48
2773 6454 173
4605 3790 174
2892 4983 181
4110 9060 174
1702 3652 60
6634 5978 79
8075 2967 173
8470 6277 174
2680 7119 173
3736 5677 75
3607 6454 173
5571 6534 74
703 6534 37
38 9078 76
8512 6029 179
6831 2891 172
5212 7058 206
6306 7129 76
462 4258 173
3888 6298 83
2275 3582 171
1850 6320 48
3860 2891 172
7224 2216 75
7138 4798 60
4575 3935 67
8112 8079 120
927 6320 48
3459 7562 83
4849 7273 80
6579 1362 83
4467 3608 76
3440 7281 174
5864 3713 76
3942 4983 181
1401 6454 173
1430 3652 60
2713 565 89
4246 2942 19
1147 1049 181
6327 6454 173
1632 6320 48
646 6113 173
621 644 90
4271 1387 83
262 4983 181
5990 7618 174
1640 1636 53
4456 3582 171
8106 6454 173
7256 6320 48
3394 2472 84
5013 6454 173
3899 3909 75
4654 2611 91
7656 7734 199
414 6320 48
7755 5347 90
8256 5454 171
8213 6534 74
131 1761 139
4809 7427 174
6568 7743 1
3830 2891 172
6912 6790 78
4485 3608 174
5492 7420 174
4479 6454 173
2533 2633 76
7521 5454 171
4371 2546 88
366 5454 171
1151 2891 210
1399 6454 173
1131 6320 48
1713 2901 124
2283 5232 53
1967 6534 37
811 9261 174
7042 2832 124
6799 4345 68
6682 5681 93
7848 2891 172
5262 6320 48
4860 6320 48
1046 4983 181
9270 8079 120
8946 2967 173
8946 4750 174
8186 6534 131
4679 6534 74
2885 6947 1
8952 5658 95
2312 4983 181
4773 6454 173
245 6534 37
5075 6534 74
7463 2891 172
7559 4983 181
738 6320 48
6622 5220 75
5464 7046 79
6309 5919 75
2524 7614 76
3645 5454 171
2519 6454 22
247 4983 181
5449 6481 17
4738 6534 74
4738 3119 91
5611 2942 19
6248 6320 48
1573 5454 171
7088 5208 17
6814 7115 214
543 5866 70
1625 5021 136
8014 1049 181
5348 600 139
8436 7983 19
7200 4983 181
1924 8615 174
4619 2832 124
3358 4983 181
709 5454 171
914 5978 79
586 4426 94
4002 5454 171
6886 7101 174
1741 6975 177
5133 2891 116
2164 6320 48
1860 4983 181
3494 2967 173
368 6113 173
2265 6436 89
8264 3047 124
8924 2901 124
5085 3608 179
7825 6534 74
5961 3823 174
6116 4817 218
8359 5454 171
7322 2611 91
4257 2633 76
1510 6534 37
2035 6320 48
4137 2780 76
4309 5454 171
5864 4908 76
5453 4625 78
8334 1461 74
1570 2901 124
2239 6534 37
4709 6320 48
1424 6320 48
7049 6113 173
5086 2611 91
427 4983 181
5380 7058 213
3911 3924 73
7897 5208 17
3694 3119 70
7153 582 79
6090 1049 181
1443 3582 171
3417 4750 76
1490 2967 173
619 6454 173
8400 8079 120
118 4983 181
6855 6534 37
3774 2611 91
4541 4983 181
9219 6534 125
899 3582 171
7859 6454 173
9115 8079 120
5683 4098 174
8890 4983 181
4510 5454 171
2062 3857 177
5573 5570 116
5974 3880 124
4922 8040 18
7585 8079 120
7585 2901 124
8297 6211 23
9215 6123 53
8570 8079 120
1317 1333 177
8541 8079 120
3377 3652 60
900 7092 67
3048 3770 60
3960 2633 174
1296 3582 171
2618 5454 171
1859 6534 37
5532 2535 67
2310 8298 78
2286 5454 171
1145 5290 88
814 7813 75
2524 2563 84
1700 4983 181
3327 5454 171
8813 8079 120
173 4983 181
8125 6320 48
6939 2702 116
7 2832 124
6847 3608 76
1807 3608 174
1023 6320 48
1312 5978 79
182 6320 48
7479 5978 79
1504 7038 173
2344 2780 174
5561 6454 173
2518 6454 173
159 2901 124
6867 6320 48
914 6534 74
2435 6534 74
484 4983 181
1165 6454 173
254 6534 131
4964 6534 74
6608 1715 88
8640 2901 124
4482 2611 91
8010 4460 172
1210 6207 90
3275 4280 197
5684 3857 177
5961 4983 181
8480 5928 24
3703 3504 88
7117 2611 91
2515 6454 173
5397 6454 173
4105 5950 91
4423 4771 84
1170 4098 174
8922 4759 139
9302 2901 124
763 3416 42
5059 6320 48
233 7358 139
2497 6534 74
8927 1333 177
7382 2891 63
5841 6534 74
6069 1387 83
6038 8079 120
3954 4983 181
4622 6123 53
1362 6454 173
7602 5208 17
2681 6186 91
2578 4983 181
8056 4817 218
3019 4983 181
5239 2901 124
3544 5454 171
1163 1049 181
3407 4254 89
3653 794 139
4508 8023 174
6514 6320 48
269 6454 173
3183 6454 208
8183 6320 48
7048 5454 171
7962 6320 48
472 2633 76
517 381 83
968 5814 76
6155 6481 17
7831 986 76
5903 6320 48
2846 5715 177
7449 6975 177
1079 7004 174
7005 7764 75
7005 4774 94
7248 6320 48
6999 3582 171
3965 6320 48
1574 6394 76
5137 4817 218
6966 3047 124
4469 4983 181
620 6320 48
513 4851 53
3268 5454 171
3533 1636 53
2665 6534 37
677 6320 48
6856 5220 75
2772 7019 159
1358 6320 48
8793 2832 124
2781 4983 181
4663 6454 173
3901 4983 181
4148 4983 181
832 4983 181
6158 5232 53
7291 7547 76
4825 6534 74
4825 5220 75
7001 5978 79
4248 2832 124
3261 6320 48
4444 6454 173
7952 2611 91
6980 3321 83
1441 6454 173
2910 5454 171
2883 5454 171
294 5454 171
6830 6454 173
2507 4090 88
4670 4983 181
3374 5725 173
2376 4983 181
8460 6320 48
1744 5454 171
5584 2942 19
1544 1423 161
6487 5454 171
7085 2611 91
4196 3582 171
6225 4983 181
8044 6320 48
712 4983 181
7146 5454 171
7146 4983 181
2932 6454 173
3834 5642 205
8432 6534 131
278 6320 48
7441 6454 173
8601 6534 131
6798 6320 48
6444 6320 48
1986 6320 48
6304 7189 179
4092 2967 173
4474 7517 166
5681 5526 123
2713 2611 91
1443 4983 181
1940 3652 60
3147 6534 74
5822 9264 174
6101 3582 171
1418 2902 124
1225 5232 53
1091 5232 53
1652 5454 171
1099 6454 173
5188 4817 218
8356 5311 53
8391 8079 120
4833 2122 174
4151 3313 177
3852 2891 172
5567 5232 53
4936 666 197
281 6320 48
8921 7995 174
8483 6454 173
3929 9190 174
3386 5642 205
9058 3022 124
1698 3833 214
5972 4817 218
4273 7813 75
2683 5454 171
3486 5120 83
5593 6534 74
5892 3857 177
1672 4983 181
475 5369 177
8350 1049 181
6156 4367 157
5146 4625 78
2161 5454 171
3557 3582 171
2963 4983 181
5740 4983 181
6804 1453 83
9073 8406 118
5667 6454 173
1493 7430 166
7463 4983 181
6629 6320 48
5743 6320 48
3711 2832 124
7559 3608 136
6778 2611 91
8190 5208 17
2633 2901 124
3858 6660 88
6511 3284 75
2588 5454 171
836 4983 181
456 4983 181
3546 6534 37
465 5454 171
7904 6320 48
993 6534 37
474 6320 48
9141 6320 48
6033 2611 91
6450 6454 173
5490 3582 171
8550 5454 171
7548 3582 171
8267 3582 171
3982 6534 156
7139 5096 78
8050 2611 91
2595 7046 79
2202 5232 53
3421 6534 37
1323 3047 124
2558 6320 48
5960 5454 171
4600 7421 123
3731 4817 218
1746 317 159
4813 4983 181
2868 5311 53
8559 8398 118
93 6369 177
3913 5978 79
9253 8079 120
5120 5454 171
2990 6250 95
6289 5454 171
5517 3582 171
6500 700 83
214 2611 91
1264 2722 179
1264 4983 181
5510 6320 48
20 2901 124
4820 8442 165
7775 8079 120
2930 6534 74
6498 6454 173
5485 5454 171
3167 6320 48
8394 6320 48
4659 4367 157
8223 6113 173
5822 3582 171
1999 3844 173
7784 582 79
1514 6975 177
4140 3439 83
7550 2891 172
151 6534 37
4675 5347 174
2991 2942 19
8727 2901 124
4338 6454 173
8596 6320 48
8315 6454 173
3872 2611 91
8668 8079 120
6834 4367 157
8753 6454 173
654 9179 174
4941 7004 174
5321 6534 74
6907 4983 181
2783 4750 76
7105 7189 90
2016 2084 174
8269 6320 48
1547 2751 83
8258 2740 68
1107 6454 173
5985 5454 171
3191 5454 171
5123 6320 48
8589 3414 197
1101 7058 213
8817 6320 48
8225 6123 53
7710 6454 173
35 6454 173
7192 8887 174
2465 103 83
1472 8040 18
59 6534 74
8943 5978 79
4134 2611 91
4445 6454 173
8920 6320 48
5569 6534 59
895 6320 48
6337 6534 74
5767 5454 171
778 3880 124
1220 6320 48
1358 2901 124
5213 6454 173
4301 1570 76
2706 1250 141
2193 2891 172
7533 2901 124
9181 2832 124
5544 3582 171
4887 1168 99
7291 3608 76
7479 6534 74
1385 2942 19
2090 666 197
4676 6507 182
3177 6534 74
586 6534 74
1172 1387 83
5000 5454 171
1581 4814 174
228 6320 48
2375 6481 17
1192 8079 120
8038 7058 213
8627 8079 120
1036 5454 171
8279 2611 91
3149 4235 173
2777 3119 70
4131 2891 35
1086 6534 74
5441 3582 171
4442 2891 172
1219 4847 75
6630 5208 17
9173 2901 124
5818 6454 173
7719 3652 60
6785 5866 70
1482 6320 48
6289 7119 173
4487 8158 83
316 2891 63
6352 4202 73
752 3122 53
601 6113 173
904 9035 179
6918 4983 181
2267 2967 173
7447 6534 74
1701 6975 177
2421 5454 171
95 9049 166
817 5454 171
7196 4983 181
5488 1690 76
2500 6320 48
3309 5220 75
5296 6534 74
1913 2891 172
3394 1371 83
7158 8040 18
2753 5751 89
1020 6454 208
3034 2967 173
5781 2942 19
6968 3582 171
1608 4983 181
1651 8773 174
8889 2845 170
5654 4983 181
4276 6369 177
7438 5866 70
4646 6320 48
5662 6534 74
3386 4983 181
1131 4983 181
2016 5454 171
6974 6534 74
273 7645 95
7012 6320 48
3602 1049 181
1135 6534 37
4861 3582 171
1712 6320 48
5623 4983 181
327 2633 174
4478 5454 171
3068 6320 48
5511 6320 48
2310 8298 90
138 2967 173
4555 5729 88
6710 4983 181
3194 6534 74
8602 6534 131
7704 7165 93
190 8079 120
5333 6320 48
4558 4235 173
7956 1049 181
2264 3346 89
12 8079 120
6628 8079 120
921 1293 83
3146 2611 91
5527 6454 173
6917 6534 37
1280 5454 171
1954 4983 181
5835 5290 88
8283 6113 173
5173 6534 74
2813 1423 174
3995 6000 136
1891 6454 173
251 6936 89
5055 4983 181
9236 6320 48
2892 6454 173
4835 6320 48
2273 6534 74
338 4817 218
4046 6320 48
2192 5454 171
6034 666 197
5222 7734 199
8303 2967 173
2452 9293 174
1793 2690 172
5041 4983 181
6630 4864 89
3190 2611 91
1675 6113 71
7224 2076 83
2821 2633 174
125 4817 218
375 1049 181
7963 8040 18
8882 2901 124
7591 7159 173
8598 8079 120
5030 5454 171
7911 2611 91
3277 3205 75
7747 4983 181
6319 3713 173
8477 6320 48
5225 7159 93
6162 2891 116
5358 6320 48
1269 3582 171
4607 2891 172
2259 6534 131
6313 5454 171
3124 6975 177
4219 2891 172
2899 6454 173
5718 503 170
2050 6454 173
3879 809 88
1445 8040 18
534 4817 218
1608 5706 172
1453 5454 171
5710 2611 91
4039 9260 76
899 9018 179
1572 1636 53
5938 6320 48
1390 6534 59
8187 2901 124
3802 6454 173
415 7645 94
8077 1965 83
1824 6454 173
5764 2690 116
5972 8040 18
2783 5208 17
8566 6534 131
7292 7623 75
2833 4254 89
1329 4367 157
3859 6454 105
947 5681 173
7625 2611 91
1889 3582 171
1791 2891 172
3359 2891 172
1331 4983 181
5798 6454 173
6269 2855 94
875 6320 48
1494 8763 174
5171 6454 173
7831 2611 91
2256 6454 173
487 6454 173
1079 2891 63
1582 6454 208
5644 3608 174
1859 6454 173
6999 2891 172
8228 6113 71
2520 5220 75
6143 6320 48
6130 6534 74
5137 2942 19
7766 2611 91
1759 8485 159
4336 2891 172
1470 5927 24
3439 6454 173
3728 4983 181
5071 5621 83
5168 4380 83
340 6320 48
6977 808 174
4827 4983 181
7632 2901 124
264 4983 181
5806 7570 174
7239 6320 48
8645 2901 124
1920 5454 171
8114 2901 124
7366 6534 37
7501 245 83
321 3582 171
3410 5284 75
6025 6320 48
4537 2516 76
6111 6320 48
3494 5454 171
7100 4983 181
8028 6454 173
1254 7645 94
6696 8316 177
4656 4750 76
9085 2832 124
1849 2967 173
4524 5454 171
1449 6113 173
3891 3713 173
6837 582 79
7150 2891 172
1661 6320 48
1932 5642 205
7070 5070 89
8513 4983 181
1483 3770 60
940 5008 177
2923 6454 160
4503 2891 172
3491 6320 48
5991 2891 210
1272 7427 76
4162 5866 70
4463 6975 177
6023 6534 74
7321 5706 172
4345 8056 174
1154 7058 206
8892 4983 181
5268 6454 173
4283 6697 84
305 5454 171
1929 5357 173
1269 6534 37
7583 2901 124
8573 8079 120
4874 7562 83
8076 5232 53
6261 8942 90
3075 5232 53
9108 6320 48
2686 5597 53
1071 1492 65
9222 6454 22
7104 4754 88
8108 2942 19
1120 2611 91
4338 5454 171
8356 3770 60
3461 7166 136
5578 6320 48
8469 8079 120
5260 3164 68
7473 4600 23
9065 3022 124
9345 9035 179
2308 4342 89
4866 4817 218
3523 6320 48
1738 3582 171
5828 4983 181
1767 2891 172
7283 6320 48
5394 338 173
5345 5454 171
9289 6534 74
6093 5008 177
4322 2633 174
8209 7046 79
2712 4983 181
4981 6454 173
4391 5454 171
6922 2657 174
5908 9078 174
5908 5454 171
1287 6320 48
8174 6320 48
1830 6173 139
1921 5454 171
5865 6534 74
4336 8264 173
2661 6534 74
5436 8274 166
6859 2611 91
8789 2832 124
8416 5454 171
6580 7732 75
543 2515 75
1010 5866 70
1814 6320 48
9205 5239 23
1312 4244 89
1976 1761 139
9221 2901 124
6648 6320 48
5613 5454 171
5483 3047 124
3837 6975 177
2708 4983 181
5994 4535 89
5471 6534 74
9250 2832 124
9011 7469 136
6678 2611 91
4535 7041 159
6636 6320 48
6862 5232 53
3330 5311 53
2971 6320 48
2179 6454 173
8345 2971 83
6359 2611 91
6144 3770 60
2777 5978 79
5163 6454 173
1486 7159 173
7938 6320 48
6482 4132 68
9200 6534 131
2078 5454 171
4099 6454 173
8816 8079 120
3190 4754 75
8886 2740 68
2540 6320 48
20 6320 48
2338 6975 177
5588 6454 173
7459 6454 173
6951 4132 68
551 2611 91
8076 776 53
249 4983 181
4375 4367 157
6449 6320 48
1828 1049 181
6206 5931 179
7435 6320 48
3169 6320 48
5537 6454 173
5042 4983 181
5266 3582 171
6174 4017 75
3970 6320 48
7808 2611 91
4790 4235 173
2681 6534 74
1657 6454 173
4281 8985 76
3774 6372 88
4833 5454 171
3544 4983 181
2184 2891 172
3683 4983 181
5524 6346 89
6916 5931 166
8992 1049 181
3442 6534 74
3859 4817 218
7229 8218 166
8652 6534 131
4525 6454 173
9122 6320 48
430 6320 48
7060 6211 23
3192 7058 206
6803 5454 171
1616 6320 48
1062 6534 37
5965 6320 48
3372 2611 91
1340 6320 48
6283 5105 136
2321 3582 171
3619 5866 70
2666 779 174
6378 6534 74
6309 7364 76
894 6534 74
2043 3880 124
3321 6454 173
3669 4771 84
7051 6385 179
5256 6320 48
2557 2611 91
3336 2611 91
1855 6975 177
6147 193 159
2503 7614 174
683 6320 48
105 5814 159
7257 6534 74
7200 5454 171
347 4983 181
2910 6176 173
2428 9078 76
6229 4817 218
4497 4983 181
2376 6454 173
436 6534 126
398 2942 19
1743 2891 172
5500 5721 166
8075 6975 177
1421 8215 116
1179 4983 181
6018 5978 79
3062 3608 166
7398 3652 60
7790 6481 17
6256 6320 48
6717 5096 78
1166 861 83
6619 9035 179
81 6113 173
1928 3582 171
2672 2149 159
203 2832 124
5523 3191 88
98 3582 171
5117 6534 74
904 2633 174
4733 6534 74
8826 6534 131
2823 776 53
6141 5232 53
2743 6534 74
538 5927 24
3670 1985 139
3670 5454 171
567 6320 48
8519 3582 171
1816 6534 37
3877 5311 53
4759 6320 48
3970 6454 173
4622 6534 62
7129 6320 48
3994 4817 218
6171 7219 141
1273 6454 173
5676 6320 48
6357 4983 181
7414 6320 48
3403 3582 171
4574 3618 88
8803 2901 124
3610 4983 181
8957 4983 181
4480 3582 171
9027 3022 124
7537 2891 172
4623 5454 171
2767 4983 181
4183 6534 74
2131 5454 171
8844 6454 22
3733 6320 48
2701 5311 53
6640 8079 120
8968 6320 48
2253 6320 48
3772 2891 172
1079 7469 179
3372 6087 75
4495 5454 171
3619 6113 71
6326 4678 89
8754 3022 124
3751 2685 83
653 4983 181
5879 4867 42
3589 6320 48
5333 3608 162
6856 2611 91
8386 6534 131
6472 3770 60
4761 4983 181
7088 6534 74
2603 2891 172
855 6454 173
7111 7058 206
1879 6454 173
5996 3346 89
9047 3022 124
5812 1423 161
7888 5729 88
1934 8704 177
86 6454 173
1891 6534 37
914 6320 48
1148 2967 173
6363 5978 79
7015 6986 89
8080 2891 63
7014 6320 48
8328 6320 48
8180 7598 76
1865 6320 48
6359 6113 71
3607 5454 171
9127 2832 124
1533 5388 161
4678 1423 161
8608 2901 124
4724 4184 124
8631 6534 131
8631 2901 124
4560 6534 74
5818 6320 48
1510 6454 173
92 6454 173
8522 6320 48
2039 6534 74
2598 3205 88
4723 6454 173
4426 6975 177
4243 3582 171
5707 2942 19
5804 2633 76
3862 1070 104
3643 3582 171
427 6534 37
1169 2780 174
9274 2902 124
3868 6975 177
3397 6113 173
2076 2633 174
7258 6454 173
7592 4754 75
2006 4983 181
163 5927 24
424 6454 173
1065 2832 124
3464 3608 166
3394 3284 88
2289 6320 48
1225 8807 159
9295 2901 124
4063 6454 173
8310 3712 170
8248 5208 17
8775 6454 22
8216 6947 199
7438 8942 90
9345 4983 181
6016 644 90
6950 7734 199
386 6884 80
4671 2633 159
9281 5105 23
2685 6320 48
3768 5015 84
7819 7734 199
6936 1423 161
6780 5454 171
5439 5273 89
5439 6534 74
9263 6320 48
2782 6320 48
7229 6320 48
9036 6320 48
1960 4983 181
7517 6320 48
6250 4983 181
5102 6534 74
7449 4983 181
3174 2633 76
9165 6320 48
4881 2633 179
370 675 165
5817 3582 171
3457 6320 48
2638 4817 218
7445 2901 124
3259 4254 89
4292 2901 124
3840 3582 171
1673 5105 136
5693 7058 206
8117 8040 18
4169 5950 91
319 5454 171
445 1049 181
1382 1049 181
4420 2971 83
5651 5454 171
1910 5928 24
2897 666 197
8654 6534 131
6077 6454 173
4509 5454 171
6137 6790 78
838 2832 124
1406 4983 181
3410 4350 95
1403 3392 139
720 6975 177
598 7165 173
9104 8079 120
7488 2901 124
1464 8456 174
1448 6320 48
7868 4983 181
5074 4983 181
8010 3713 173
1907 4983 181
5963 3104 76
6122 2891 35
911 3582 171
3722 2891 210
8203 3342 83
8037 8079 120
2735 6454 173
9037 8079 120
1159 1636 53
1498 4367 157
8959 5751 170
2516 4472 53
4467 6547 95
2446 644 90
89 6975 177
3664 5570 172
1615 6534 74
2168 6454 173
2288 7319 70
7805 3582 171
2259 3022 124
7784 779 76
5619 6113 71
5619 2611 91
3337 5105 161
4687 6534 74
3783 6320 48
481 6499 19
8414 5454 171
2860 6975 177
176 4983 181
7909 6534 125
53 2611 91
1420 6454 173
3966 4817 218
1800 5454 171
5627 6534 74
5073 3608 76
7438 2611 91
2962 6454 173
8849 8079 120
5797 4983 181
1146 4983 181
6194 2611 91
572 7472 174
5968 6454 173
2630 6320 48
6910 8683 174
3517 9296 139
908 6320 48
6411 5454 171
7075 779 174
686 6320 48
1364 4983 181
7031 2967 173
8393 6534 131
1419 6320 48
5015 5454 171
6047 5454 171
835 4983 181
4595 6986 89
4920 6398 84
4920 6812 67
7005 4667 89
4906 6534 74
7912 5454 171
113 2611 91
8492 6534 131
1309 6320 48
2437 5232 53
2326 4983 181
1830 2891 172
7463 2633 179
5083 2891 210
8960 3016 156
1092 6254 89
445 6320 48
2075 2967 173
7111 4983 181
6588 4254 89
4620 5454 171
1280 6975 177
5996 6534 74
3785 7159 173
7536 2902 124
4887 8323 177
9170 8079 120
5337 6320 48
520 4983 181
2813 7203 207
4693 4836 177
1586 3582 171
3067 4983 181
2710 7813 75
912 8079 120
8389 8079 120
4964 9078 76
3448 7058 206
6314 7058 213
705 3857 177
7629 2832 124
4032 6454 173
3715 4983 181
50 2611 91
3562 5359 76
8044 2417 17
5850 2901 124
7750 6454 173
3888 6320 48
8433 6320 48
779 6320 48
6772 5454 171
8329 9035 179
8272 7319 70
5510 6369 177
6806 5454 171
6036 7046 79
4733 4123 84
5094 6534 125
1424 6454 173
3931 1726 83
764 6454 173
3769 4983 181
8689 6192 90
2755 4466 88
1532 4983 181
3417 7645 94
1861 5454 171
1620 5232 53
2986 6454 208
9286 6534 74
3394 3608 76
1831 6534 37
1703 2611 91
2289 7041 136
53 6534 74
7978 6534 37
6096 1049 181
7424 6320 48
8921 5454 171
4580 2832 124
1756 6320 48
3403 6454 173
6290 7125 136
2173 3582 171
7914 3560 75
8895 6534 74
1751 5927 24
4117 6454 173
8817 2832 124
209 8079 120
3557 6534 37
1966 6454 173
7248 6302 88
1216 2611 91
3068 9050 166
4680 2611 91
1512 2780 174
1394 3582 171
3431 4983 181
2988 2942 19
2914 6320 48
4445 6454 105
2524 3935 67
8956 2633 166
2470 4254 89
387 4983 181
1031 1333 177
4486 2633 90
4641 2891 172
3930 6454 173
8516 5232 53
7728 7623 88
1084 4983 181
2044 3582 171
816 6481 17
3789 674 165
6251 503 89
4636 6320 48
8533 5208 17
7902 5317 88
3216 6534 74
6829 6320 48
9207 2901 124
2544 3652 60
2518 5454 171
4975 6534 74
8427 7734 1
5183 6454 173
484 4750 174
2956 6534 37
8299 2891 210
5736 2891 210
2268 2891 172
4387 228 166
442 6320 48
1587 3770 60
1685 2891 172
6306 3472 75
6800 5591 88
8591 8079 120
3884 2967 173
4037 3582 171
4528 4983 181
1416 4983 181
9081 2901 124
4617 2611 91
927 4983 181
5984 1192 174
1498 1636 53
457 2967 173
7911 5040 88
1160 3652 60
7447 7319 70
6810 6320 48
1699 5729 75
4258 8040 18
2057 4367 157
8989 5454 171
826 5311 53
3132 7427 76
3841 6454 173
4048 4254 89
1816 1168 99
2004 5454 171
2191 6454 173
2289 7038 173
2005 4983 181
4889 4235 123
1800 7468 166
1810 6320 48
605 5350 94
391 6534 37
7105 7226 90
2052 6534 37
2906 6320 48
6159 6454 208
8615 2901 124
3864 8040 18
5838 2611 91
9218 8079 120
6045 9282 174
5102 5658 95
8473 1049 181
8755 6534 131
6255 6454 173
8409 6534 131
1909 1482 136
1839 6320 48
3456 6320 48
8208 4750 90
227 6435 65
4260 6320 48
5574 2633 136
1089 3582 171
4087 6454 173
6971 6454 173
1597 6320 48
5987 5208 17
7643 6534 131
7660 7058 206
363 2891 210
8145 694 197
2264 4235 93
1873 6454 173
1276 2901 124
4204 6534 37
5072 6534 37
7548 2891 172
2065 608 89
9240 6320 48
1976 4983 181
357 7853 174
6709 2967 173
6709 4983 181
1862 6113 173
6905 7159 173
3357 4983 181
7299 6320 48
4497 1049 181
1293 6454 173
1456 3608 166
4865 3608 136
1985 2967 136
4522 4363 42
3228 2611 91
8512 6113 173
3700 5454 171
4200 7647 141
3511 4983 181
4335 9061 179
1302 6320 48
5291 2722 174
2483 3582 171
4908 2942 19
8441 5454 171
5211 6454 173
177 6320 48
6849 5454 171
4041 3497 84
4145 5454 171
3139 5454 171
280 6320 48
5485 6534 37
2600 2611 91
6332 7058 206
6951 8403 76
1825 6054 139
2133 3636 89
4172 5458 88
2128 4983 181
1290 6534 37
5787 1492 65
1422 3079 159
7198 6320 48
9229 6320 48
3624 4456 94
3842 6454 173
3012 4983 181
7587 6534 131
2298 5927 24
131 6454 173
9269 6320 48
7438 3497 84
4102 3600 94
648 2901 124
5140 7058 206
5775 5454 171
4273 6534 74
2647 6454 173
4549 6320 48
8258 3763 76
3859 6454 173
6321 2971 83
1820 5232 53
5402 8040 18
6799 2633 90
986 6320 48
2468 6660 75
4117 5706 172
7848 6975 177
6994 8079 120
6575 4983 181
6047 7014 174
4920 912 76
1201 776 53
5075 2611 91
9017 6320 48
7028 5489 177
7742 6454 173
4083 4184 124
7649 6320 48
6288 3560 75
997 5454 171
6615 8218 159
778 6113 111
5213 4983 181
8684 6320 48
992 1887 95
5784 8040 18
782 4983 181
289 6534 37
556 3414 197
8084 6320 48
755 1049 181
1996 4983 181
9184 8079 120
1297 4983 181
119 6320 48
9300 6454 22
3509 2611 91
1123 6010 83
8737 2901 124
5994 5978 79
1581 6320 48
8706 2901 124
6627 8079 120
3226 6454 173
1266 6534 37
6224 5454 171
8231 2902 124
8912 2633 174
8250 5208 17
8559 3022 124
1815 2633 166
9359 2901 124
6837 3121 94
3121 675 165
3703 7562 83
9152 1551 94
8841 8079 120
8203 2611 91
5523 6534 74
2540 1461 59
1431 4983 181
2932 5454 171
4606 7618 174
1568 7058 206
5933 6534 74
2429 5866 70
4162 6113 71
3093 6320 48
6868 6863 118
3185 6454 173
170 7158 173
170 6435 65
6117 4817 218
5935 7058 206
5681 2942 19
1762 6320 48
9169 6320 48
7456 6320 48
7195 6113 71
7076 6534 37
1115 2553 166
4652 6320 48
341 4750 159
8659 8079 120
2578 2891 172
7293 6470 19
348 724 182
266 4750 136
9180 8079 120
4199 3582 171
4837 6534 74
4837 6320 48
3280 2891 172
3906 4098 174
1528 5311 53
7908 2611 91
2726 8781 174
2356 5120 83
657 6320 48
6462 5703 95
4911 5096 78
8387 6534 131
2308 3608 76
7205 6302 88
2063 673 165
8732 6534 131
8307 4983 181
5593 2633 76
5615 4864 89
6416 6454 173
3548 6848 76
8657 8079 120
1791 1049 181
8097 4817 218
7739 4190 76
2546 5454 171
4903 6534 37
1046 673 165
5965 5216 89
327 2891 172
4638 6454 173
8280 6320 48
2144 4983 181
5740 6454 173
2 2832 124
6572 9012 166
138 5454 171
5192 4817 218
1919 5454 171
6485 7422 76
7159 4817 218
2255 4983 181
4098 8079 120
247 5454 171
6214 2633 174
5091 804 205
3885 6454 173
992 2611 91
5784 4817 218
4054 4456 94
3845 6454 173
483 6458 136
2736 6975 177
2210 3833 214
9181 8079 120
1125 9103 174
9161 8506 83
4248 6534 125
4248 4968 123
4388 5866 70
3948 779 174
8735 6534 131
6680 644 90
5813 8306 170
3065 6534 37
7727 2611 91
2868 3770 60
343 1293 83
2734 2902 124
3317 2611 91
5837 5070 89
1166 7046 79
3714 1049 181
7514 2611 91
4007 3582 171
7448 6534 131
7224 6986 89
7724 7623 75
5732 6454 173
1568 8683 166
6614 5454 171
2687 2611 91
9050 8079 120
2424 2611 91
4820 1049 181
4003 6454 173
957 1423 161
3636 3416 42
7598 2902 124
2081 4983 181
2629 2611 91
9162 8323 177
2073 5454 171
170 3616 172
4714 6320 48
3505 6320 48
5807 6703 173
3417 2611 91
2619 5854 174
3841 4983 181
2198 3880 124
7549 6320 48
8407 8079 120
1652 9095 179
4518 4092 83
7988 6113 173
800 1293 83
7801 7956 83
8746 8079 120
1679 6454 173
5730 2635 88
7931 9012 76
3959 4983 181
5577 8610 166
8194 5208 17
1390 792 53
8307 2891 172
2833 9040 76
1396 6320 48
2271 6454 173
3905 6454 173
5494 4090 88
8710 8079 120
1112 3770 60
3191 4983 181
5385 5046 89
517 3597 75
2223 5947 139
669 6320 48
435 5950 91
2461 7813 75
1395 3608 136
1948 5454 171
2149 1423 23
4990 2020 83
6999 5512 172
5574 6320 48
3933 5729 75
533 1049 181
59 5978 79
5075 1602 75
1704 7235 88
7545 2901 124
90 6975 177
4318 7909 161
7047 5454 171
2230 8316 177
7637 6320 48
319 9022 179
1515 2466 123
5709 2942 19
3902 4983 181
2953 4983 181
1463 5454 171
4805 6454 173
4418 2633 76
8590 3022 124
4 2832 124
7034 2611 91
2238 1826 174
4774 6320 48
2112 7159 93
1781 6454 173
8389 6534 131
6735 5697 174
2689 4367 157
2818 2891 35
5224 3997 179
9201 2901 124
2472 8218 166
7740 3582 171
4885 5027 76
7749 6454 173
8940 6357 67
1564 2891 210
7750 6369 177
4115 5397 88
3834 5706 172
4721 8079 120
2759 6589 83
7967 5729 75
3389 3854 67
457 152 139
4582 5454 171
2019 3582 171
3093 6534 74
305 6454 173
5154 2967 173
9245 2902 124
1292 6454 173
1490 6320 48
518 4983 181
3796 6395 83
1378 6454 22
8354 6534 131
4281 3476 80
131 5454 171
9098 2901 124
2381 2611 91
6793 6198 76
5037 5 174
2224 5311 53
2787 4983 181
4090 8423 207
7914 5046 89
2353 6947 1
1161 4367 157
7229 6454 173
4612 6534 74
7327 6320 48
6659 3857 177
3746 8040 18
3359 4983 181
5243 8244 123
2223 6454 173
7240 6454 173
6065 582 79
1350 6454 173
6617 2611 91
1081 2901 124
1352 5454 171
4028 6454 173
2963 2891 172
1190 5311 53
2144 5454 171
1579 6320 48
8692 6320 48
2835 6320 48
3378 4367 157
2437 6320 48
261 3582 171
192 8079 120
4469 5681 173
6454 3022 124
4538 6320 48
3387 2611 91
7861 6320 48
3224 6534 74
6242 6289 83
456 6153 170
319 1333 177
3745 1243 75
2657 8079 120
6580 7323 75
6827 6454 173
8173 6320 48
1970 8704 177
3567 6320 48
9118 6320 48
5561 6534 37
566 3260 139
1406 6534 37
2278 3582 171
5587 4983 181
1148 5454 171
4693 6454 173
6503 5289 89
7015 5919 75
5515 6534 74
6735 3582 171
2601 4017 75
4138 6454 173
1744 5715 177
6049 1250 141
3598 6454 173
299 6454 173
2309 2611 91
7426 3263 88
140 8229 136
1990 6454 173
2229 6534 74
5163 4983 181
4986 6534 74
6774 6454 173
1233 4983 181
5564 3119 70
4991 2901 124
7322 6198 76
2066 6320 48
6167 6534 74
6064 4983 181
583 4983 181
5094 6320 48
2267 5454 171
7447 5208 17
4977 5454 171
7049 5454 171
1583 3582 171
1443 8947 136
156 6320 48
7746 2633 76
2167 6113 173
2732 5311 53
4951 7226 174
9108 6454 22
8129 694 197
3883 6320 48
6751 6534 74
6968 6534 37
4647 6320 48
5719 6454 173
702 5454 171
1052 6320 48
5577 6320 48
8822 8079 120
1720 3857 177
5450 5284 88
9266 8731 118
8962 6534 37
5364 2633 162
3768 5621 83
7806 3047 124
5974 4817 218
1947 6320 48
811 6534 37
471 5742 67
5010 5454 171
8934 6534 37
2819 7038 173
5244 8465 123
1742 3414 197
4195 5454 171
7494 8079 120
5623 6454 173
2357 2633 174
8007 6534 37
5190 6320 48
549 4983 181
8660 6534 131
5921 4235 22
6645 6320 48
3194 7562 83
8346 2611 91
4023 6320 48
9358 6320 48
4640 4983 181
4318 5232 53
1597 776 53
5767 6454 173
614 2891 63
1688 8079 120
18 4240 173
3669 2611 91
544 5454 171
6472 6454 160
5821 4937 95
4194 5454 171
7466 6454 173
6222 6320 48
3084 5454 171
4436 4983 181
5501 4983 181
8267 5570 172
7001 6320 48
2595 6534 74
5805 4017 88
4771 6454 173
4160 4840 174
6574 1049 181
520 2967 173
1403 8229 136
5642 6320 48
484 6320 48
7061 179 174
2238 6975 177
368 1049 181
5911 5454 171
6374 1369 83
7943 3047 124
416 5512 116
6144 3652 60
5893 5454 171
88 4983 181
1815 5454 171
1359 2901 124
6837 6320 48
5669 5454 171
8871 6320 48
6160 6320 48
6619 6454 173
7343 2611 91
6139 5232 53
7345 7319 70
5772 3582 171
1560 4983 181
3450 3450 111
6030 1053 89
5117 2611 91
4900 4817 218
6352 6534 74
5306 3047 124
6495 4983 181
3911 6320 48
5790 7159 208
3301 644 90
5739 4015 84
621 6192 90
2523 2942 19
7065 3582 171
6449 6936 89
4024 3506 136
6973 6320 48
6107 1293 83
4666 5454 171
1810 4983 181
2662 4017 88
5938 3022 124
5769 2891 116
5276 6454 173
5964 6398 84
3128 1049 181
4371 6322 67
415 4620 80
5419 4983 181
6400 4983 181
4273 5015 84
7691 6454 173
3730 6454 173
3925 4983 181
8642 8079 120
7365 6113 173
6807 3833 214
1885 5454 171
584 6454 173
133 9078 174
7342 4750 76
5755 2942 19
1026 2891 63
6272 6320 48
5965 7813 75
7815 675 165
3466 2611 91
1567 1362 83
7467 6534 74
7217 503 89
9187 6534 131
8523 2901 124
2977 5658 95
4583 2611 91
2763 5454 171
1684 6320 48
5338 7038 173
190 6320 48
2987 792 53
5366 8040 18
4494 6454 173
1260 4983 181
5765 6883 68
4169 2317 88
5079 1049 181
5432 4983 181
701 224 139
959 6534 74
4060 5949 139
2556 2611 91
3593 5454 171
4992 2902 124
531 6534 74
5870 4983 181
7366 7430 174
5835 6534 74
1692 5781 173
6137 1066 83
7639 6320 48
6830 5454 171
8887 2901 124
9031 6320 48
8490 8079 120
1980 2967 173
1905 6320 48
7864 7734 1
5147 2611 91
8403 6534 131
8900 3997 76
1956 6454 173
3806 6454 173
6199 6454 173
1103 5454 171
8591 3022 124
6412 779 174
7558 3828 83
553 6320 48
6005 3582 171
8178 2633 76
5397 2891 172
3300 7058 213
4211 6454 173
8112 2901 124
312 5454 171
8853 2902 124
3106 6320 48
3986 4367 157
2110 612 161
9132 6320 48
6010 6454 173
1571 5232 53
3309 4666 73
8154 694 197
4172 5113 89
3124 1492 65
1958 5725 173
6000 2727 123
2965 6454 173
5087 6534 37
1550 4983 181
1536 3652 60
5578 4817 218
5780 2942 19
7175 6534 131
3830 4983 181
7954 2611 91
1915 1049 181
1530 6454 173
9196 6534 131
7894 3582 171
3407 9078 76
4551 195 76
7052 6454 173
1319 5454 171
7287 4750 76
9159 2611 91
4757 2967 173
947 5470 173
6763 2633 174
4359 7874 83
6807 8887 174
4576 8040 18
6734 6454 173
1035 6320 48
6250 779 174
6065 2611 91
4195 7959 174
7392 4983 181
5145 8942 90
4988 6113 71
2618 8466 179
3153 4065 177
7217 6084 83
9187 6320 48
3179 5361 89
245 6320 48
7134 5454 171
2475 6534 74
4863 1333 177
8602 2901 124
2269 6454 173
392 428 174
6339 3608 174
3250 6454 173
7390 4567 182
5366 4817 218
5054 4367 157
7923 2891 172
4253 8199 94
959 2611 91
8867 4983 181
1996 1049 181
4748 2611 91
6356 4983 181
683 9194 136
2178 5454 171
9259 2901 124
4509 6534 37
2739 6320 48
5307 3582 171
1924 3582 171
5125 5454 171
6679 6534 74
9191 8079 120
2507 6534 74
87 6454 173
2272 6209 88
4670 6454 173
7439 4983 181
5891 7159 76
1972 7169 139
7284 4983 181
8252 4767 166
8180 6534 74
7420 8079 120
1316 7504 95
5823 5454 171
3740 5454 171
93 5706 172
4800 6320 48
6657 6454 173
3384 5220 75
1411 6139 170
4105 6534 74
1354 8079 120
3412 5454 171
4733 2542 84
7570 2832 124
1630 779 174
3519 6320 48
1556 776 53
7225 6084 83
6498 6369 177
2177 6534 37
7267 2611 91
1953 2891 172
1571 776 53
4035 6320 48
621 2611 91
6261 6119 76
5039 6454 173
7526 2617 75
7526 2611 91
5352 2611 91
1274 2633 174
2723 6534 37
3375 6320 48
8365 9033 174
3531 3582 171
1650 6438 159
1890 5454 171
6362 6534 74
4622 6320 48
1378 8079 120
414 2891 172
9267 6320 48
3570 5454 171
4661 2633 174
1646 4817 218
6802 1492 65
7857 2417 17
4485 6454 173
291 6534 74
4974 2375 170
7194 7101 174
2761 7427 174
366 1049 181
3252 6534 74
9334 6322 67
4671 5311 53
6479 6454 173
2063 779 174
8992 6320 48
610 6320 48
3798 6320 48
3620 6534 74
7381 1049 181
6693 3595 89
5191 2902 124
1822 6454 173
3580 2967 173
8958 4983 181
1046 9018 179
2963 5454 171
6804 4485 88
1686 666 197
8443 3857 177
6124 6123 53
1344 6320 48
6231 7427 76
104 6320 48
3554 8158 83
1949 4750 136
276 3119 70
2914 3770 60
3513 6454 173
8544 5866 70
3387 5220 75
8852 6534 131
2781 5454 171
4420 3119 70
6341 4983 181
6285 6320 48
3789 4983 181
1954 5454 171
5445 6320 48
4604 5454 171
5995 2611 91
4887 6534 37
2344 6454 173
7302 6975 177
39 6534 74
7530 4236 22
4388 2611 91
3358 779 174
7974 4983 181
4966 6534 156
4710 6320 48
436 2891 116
5332 1387 83
3601 4983 181
714 6454 173
5716 2967 173
4159 5866 70
522 5454 171
3307 6534 74
2621 6123 53
6256 8218 166
3631 7613 83
2015 2891 172
3888 3608 76
8480 6534 37
1793 5454 171
4513 3582 171
7250 6534 131
7607 6454 173
6102 6454 208
5117 5361 89
4931 6454 173
6064 5850 174
6806 5512 172
3002 4983 181
519 5928 24
8937 6150 177
8397 6534 131
1988 2967 173
3931 6534 74
2350 6947 1
7464 6534 74
4220 7113 83
1056 3857 177
5525 4240 173
4327 5454 171
7336 6534 131
5062 6534 74
7307 6534 74
8108 4817 218
4488 2685 83
6769 9078 76
5900 2942 19
1120 5758 75
5371 7159 173
414 5642 205
9294 8683 136
3774 6534 74
4750 3880 124
5735 2891 210
2586 5454 171
3370 5751 89
5730 2635 75
8194 6534 74
616 6320 48
5504 3263 88
3653 2967 173
8624 8079 120
6530 6113 173
6542 2611 91
6264 4485 88
2973 6454 173
3801 6534 74
3833 7058 213
8183 6150 177
3071 9360 174
5343 5658 95
1419 1636 53
6269 5621 83
7240 7251 174
412 8040 18
5854 1423 23
8120 8079 120
7045 2690 172
7961 6534 37
245 5454 171
1700 6454 173
1853 3608 166
937 5454 171
2480 5454 171
1470 2967 173
5091 3582 171
1833 9081 136
9029 3022 124
7110 4983 181
5709 4817 218
4468 6454 173
7612 6711 139
2311 6534 74
1209 3014 95
7257 6320 48
8603 8079 120
8463 5454 171
3909 5454 171
8347 1110 83
3413 6454 173
1047 6123 53
3358 6975 177
914 2946 89
7758 5121 83
5227 5454 171
6823 8979 88
801 6320 48
8983 3857 177
5556 8455 174
5716 4750 136
5500 5454 171
8279 6534 74
4826 6454 173
2715 6320 48
1484 6320 48
3535 5729 75
1944 5454 171
4136 1369 83
3703 3608 76
3835 5232 53
3767 6454 173
3828 5454 171
6305 779 76
7738 2611 91
6030 4833 83
4723 4235 173
7131 2611 91
512 6320 48
6918 6454 173
990 1333 177
1446 5803 174
1170 4983 181
710 2611 91
7747 9267 174
5323 6320 48
8977 2611 91
6162 4817 218
6295 3582 171
8879 6454 173
358 4983 181
7823 6454 173
4059 6320 48
5035 6113 208
5475 6817 83
4067 7399 136
1816 4983 181
8365 4983 181
6564 7743 1
1831 6975 177
5013 5454 171
7455 2901 124
5780 4817 218
3405 2532 84
5073 6534 74
130 8316 177
5504 6534 74
754 8040 18
3759 6534 126
4568 7764 75
8077 6469 84
5297 5454 171
1495 5454 171
2982 5454 171
1231 5454 171
5237 2971 83
9263 5366 22
3388 6947 1
5741 6454 208
4386 5573 173
1244 6320 48
5423 6502 182
460 6534 37
517 2611 91
5925 6534 74
2742 4983 181
9156 8942 90
770 7004 166
4928 8040 18
7317 6534 74
6387 5454 171
5185 5454 171
5185 4983 181
138 6320 48
533 4983 181
5367 2611 91
7134 6454 173
6667 2611 91
2763 4983 181
9323 1310 83
7028 7125 179
5050 4847 75
3847 6320 48
3198 4367 157
994 2611 70
1358 6534 131
4599 5492 88
5737 2891 210
2933 8079 120
4533 5243 76
1434 6975 177
8116 4817 218
4553 5729 75
1884 5454 171
4229 4983 181
4992 4971 123
6478 5454 171
5870 5454 171
7397 8079 120
1414 6320 48
6997 4292 174
5812 6320 48
7503 2901 124
6889 2611 91
1610 5454 171
7011 503 89
1356 6534 131
4019 2611 91
3961 9341 174
5752 6454 173
6955 8079 120
3203 7623 88
705 1049 181
1984 6975 177
1956 3608 166
5832 7813 75
2777 2633 76
5963 6534 74
10 6320 48
4100 4065 177
4660 5454 171
6774 1049 181
3317 6534 74
3922 6454 173
5564 2611 70
5645 4840 174
5177 4933 76
2325 6995 182
5523 3497 84
4384 6534 74
3718 5317 75
5562 3022 124
6167 2611 91
2631 6454 208
2707 4983 181
2396 6454 208
1038 5751 170
1643 6113 111
1840 5454 171
2390 6534 37
4234 8040 18
1147 6975 177
3099 6534 74
8150 694 197
4058 9285 136
5717 6454 173
219 7038 173
3436 2611 91
795 7058 206
6902 7734 199
6038 2901 124
9080 8110 118
4698 8040 18
9226 6502 182
2559 6320 48
1977 5311 53
5867 4983 181
5426 6320 48
9163 6320 48
1674 3857 177
2276 6454 173
337 6534 37
4039 9272 76
654 4552 139
3227 6534 74
7931 7598 76
291 3425 68
2671 7058 206
1469 2967 173
7344 2848 83
1698 6454 173
3373 8423 207
4574 7764 88
2434 6320 48
1364 7427 174
3949 2891 63
9027 6320 48
3071 7251 179
8833 2832 124
1739 4367 157
1634 4983 181
1300 3582 171
6084 5454 171
1769 6454 173
4343 5642 205
5930 8369 141
7920 6975 177
1030 2891 210
9097 2901 124
1512 5454 171
3431 5454 171
1270 6320 48
1684 6454 173
4640 3582 171
2524 6534 74
1518 6320 48
1700 6320 48
6390 4983 181
2420 5489 177
1576 6320 48
2097 4983 181
614 2967 173
3757 5978 79
1941 6454 173
4741 7417 76
7353 6113 71
9331 7202 75
319 9210 105
3206 2611 91
5816 8316 177
7787 6660 75
6285 3047 124
2349 6454 208
1001 5027 76
5995 5208 17
6183 6454 173
5034 2611 91
5539 7101 136
7154 5454 171
3363 6320 48
188 8079 120
3358 6454 173
1158 6320 48
1906 5706 172
9238 8079 120
955 2901 124
3213 9059 174
4763 5317 88
2710 2611 91
6263 2611 91
1566 5919 75
1985 6320 48
6756 4983 181
4019 1310 83
2840 5814 76
2827 6947 1
5729 7058 206
3164 4983 181
5832 6534 74
7405 6454 173
1931 6320 48
6831 5489 177
8330 5232 53
1053 3416 42
8994 3023 124
3884 5949 139
8178 2611 91
2279 3582 171
8513 6454 173
1837 5454 171
7824 5454 171
1215 4367 157
166 4983 181
1365 5454 171
4247 6534 74
2538 6534 74
6315 2891 172
6683 4983 181
5790 6454 208
1529 4750 136
8263 7469 22
7932 4983 181
2006 6454 173
3120 3608 76
6702 70 83
538 5454 171
2497 6320 48
2986 7058 213
4310 5361 89
3596 3416 42
2681 2611 91
4647 3582 171
1876 6320 48
7473 6320 48
6906 5866 70
5731 2942 19
4760 4460 172
4974 8323 177
7599 875 83
4751 7764 75
2323 6454 173
4568 6534 74
2685 3608 174
2748 2061 53
4273 4535 89
6832 5046 89
3755 3880 124
8875 2901 124
1715 5454 171
7537 6454 173
6763 6454 173
8833 6534 131
2876 4020 88
1300 7159 173
8752 6454 173
5149 5866 70
5149 3213 73
2793 3263 88
3818 4367 157
2939 6454 173
3771 2611 91
2605 2581 182
721 2967 76
7045 8316 177
56 6206 88
963 6454 173
3443 2633 76
4320 792 53
5050 5866 70
2857 4983 181
15 3022 124
190 2901 124
5693 5454 171
3224 5606 95
2536 6454 208
737 6454 173
5157 6454 173
6268 4817 218
7073 5866 70
3573 6975 177
5348 6320 48
4425 4879 139
8918 2076 83
1447 3582 171
5215 4073 89
2813 4983 181
4505 4983 181
2307 5454 171
5696 1636 53
6424 5723 170
5267 5725 173
4110 6053 179
1068 2216 75
5599 1049 181
7085 5316 83
3715 3582 171
6658 6320 48
7653 6534 74
1179 5486 174
7917 608 89
8998 6454 173
3913 4535 89
6685 3720 136
917 4983 181
324 9078 162
9228 6320 48
7616 6320 48
5308 2891 210
8192 2611 91
7748 6454 173
2060 8139 197
2788 6113 173
7735 6534 131
990 9061 179
4041 6534 74
7523 6320 48
2135 4236 173
1843 1492 65
7006 4202 73
8747 2901 124
3397 4983 181
229 1049 181
5220 3857 177
7147 2901 124
2004 6454 173
901 8316 177
1291 2891 172
3842 2633 166
745 5454 171
446 4983 181
1404 2780 174
9065 6320 48
5654 2891 172
2464 5454 171
8194 2611 91
5193 6320 48
5901 6320 48
4784 6534 74
5018 3713 173
2016 5928 24
3011 1636 53
7287 2611 91
5603 5454 171
4093 7046 79
472 1726 83
6269 6721 84
4117 7125 179
2463 6454 208
7831 6320 48
6587 6454 22
5921 6320 48
3105 7058 206
6875 6534 37
3695 5585 166
7463 5454 171
5792 5866 70
814 6763 88
1088 6454 173
3188 9078 76
5449 5311 53
5436 2633 174
7466 7058 206
1045 3582 171
1268 4983 181
60 2611 91
8426 1049 181
7533 8079 120
5541 8004 136
2548 6320 48
6308 6454 173
1236 8245 76
6997 9029 166
1385 3047 124
6829 3119 70
357 6975 177
4349 2891 172
3291 6320 48
6980 6534 74
321 6454 173
4793 6534 74
6025 8139 197
3140 6320 48
1891 3582 171
3213 5454 171
3059 4983 181
3530 8691 182
2272 6534 74
5166 6320 48
6252 5454 171
1744 4983 181
5498 6534 74
7626 8079 120
7727 875 83
8345 2611 91
40 2611 91
5271 4983 181
6018 2542 84
8358 8079 120
7588 5210 170
8410 2901 124
5779 2633 76
8074 8079 120
4723 8924 136
5869 6454 173
6348 5454 171
2631 7058 213
8853 8079 120
4377 3582 171
2915 6320 48
8922 1413 174
1241 6454 173
4022 2546 75
3255 2611 91
9162 6454 173
539 9078 76
156 8079 120
3290 4851 53
8569 8079 120
3521 5454 171
6547 6454 173
5604 2942 19
1085 2611 91
7555 6534 37
2289 7041 174
2362 6534 74
2362 3597 75
6477 2611 91
2658 4983 181
337 3582 171
4151 7415 179
7017 5570 116
2586 6454 173
8582 8079 120
8822 6320 48
3504 6454 173
5467 8108 93
1044 1049 181
401 6320 48
2822 2611 91
8707 6534 131
6475 6975 177
4093 6534 74
585 5729 75
2468 5046 89
9249 6320 48
7434 5333 89
3318 2611 91
9068 8079 120
8409 8079 120
7651 6534 131
35 6150 177
2620 6454 173
9178 8079 120
1186 5232 53
2831 3119 70
8999 6320 48
3369 4983 181
7005 5191 76
849 4367 157
707 5454 171
4469 5066 179
1700 9035 179
1597 1636 53
2665 5521 174
5449 8457 159
1942 4983 181
1084 6454 173
4249 2633 76
921 6545 84
2776 6320 48
993 4983 181
344 6454 173
4060 4983 181
1525 1049 181
1606 6454 160
3957 5454 171
315 3047 124
2879 4367 157
8603 8603 118
1633 6454 173
1110 1049 181
4566 2611 91
9211 8079 120
6132 2611 91
1025 3582 171
5269 666 197
7254 6113 208
3825 1492 65
2680 3582 171
1815 6454 173
5212 4983 181
6571 2611 91
8422 6975 177
8018 2611 91
316 3582 171
3834 5512 172
5477 5454 171
1595 6454 173
2291 6947 1
7645 5454 171
3862 4817 218
5975 4983 181
7598 8079 120
3255 5220 75
2254 2891 172
2453 7963 173
5943 2611 91
6483 2611 91
1407 4983 181
4932 6454 173
305 4983 181
2041 8369 141
4960 5454 171
233 1461 37
249 8117 173
1913 1588 139
2746 3608 166
4456 2967 173
795 4983 181
6069 608 89
3639 8079 120
3899 6534 74
1041 6454 173
1550 16 174
495 5454 171
1420 4983 181
7988 2967 173
6812 3713 173
8767 6534 74
4485 5454 171
3390 3608 174
6719 6454 173
3709 7046 79
7427 8079 120
8949 2685 83
7981 2611 91
8482 5454 171
4449 4983 181
6763 5454 171
1551 5454 171
1666 5681 173
1035 6454 173
5646 5454 171
1930 6454 173
7849 7734 1
4548 7743 1
8504 5243 76
3159 6320 48
8575 8079 120
9073 6320 48
3965 6454 173
7463 1049 181
2535 4983 181
8450 8354 118
814 4535 89
1134 7179 159
5196 6454 173
7210 8079 120
3689 5454 171
994 3597 75
4269 6534 74
921 7576 80
7466 4983 181
5400 6454 173
8426 7159 173
878 4367 157
4002 4089 170
2708 2690 172
228 8079 120
2376 3857 177
6621 6320 48
7802 7675 89
714 779 174
137 6454 173
4446 5454 171
5053 2891 210
2309 6534 74
1371 5454 171
6748 6790 78
8343 2611 91
8423 2891 210
7955 6481 17
3264 6454 208
4442 3857 177
4136 7764 88
712 8276 179
7146 6534 37
4365 9091 174
5890 4983 181
5931 6320 48
4723 6534 37
7963 3047 124
7333 5454 171
6725 7734 199
6267 4646 83
8584 3022 124
8325 6534 131
5992 2515 88
8618 6534 131
3521 2891 172
6163 6320 48
6581 4868 89
4048 2611 91
7843 7734 1
3406 5454 171
4232 7046 79
1890 6113 173
5894 5046 89
5643 8887 174
6002 5454 171
5371 3582 171
6968 7423 174
665 768 83
1987 4983 181
4691 5454 171
2232 6534 74
8688 2611 91
5533 3560 75
1562 1492 65
1644 7046 79
6764 5454 171
4368 5751 89
7194 6454 173
4745 7058 206
1867 6320 48
3442 3595 89
633 1049 181
8957 3582 171
1739 1636 53
3565 5232 53
585 5978 79
2758 1049 181
4227 5931 76
213 5978 79
2461 5025 94
5401 5729 75
1391 2891 172
8221 6534 131
1555 6534 74
4863 3582 171
6841 6445 166
8754 6534 131
7929 4983 181
7515 2611 91
7159 2942 19
7559 6320 48
2666 3857 177
2610 1049 181
2092 666 197
6778 6534 74
3964 4460 172
580 6454 173
2070 3582 171
6242 1946 95
6977 4983 181
2117 6454 173
