136
1253 1936 85
530 8140 199
9027 9027 117
5675 701 199
3538 1236 199
5304 5369 199
4658 4658 117
5082 6289 212
6597 4169 85
5115 5115 117
1044 1044 54
8667 8667 117
1267 1267 49
5441 4740 199
2699 2699 117
4208 4208 54
9143 1110 199
9145 9145 117
9065 9065 117
8210 3404 199
8209 3511 199
9299 9299 117
8975 8975 117
4694 4694 54
3084 7420 85
4893 4893 49
3609 4419 199
9364 9364 117
8425 8425 48
9379 9379 117
155 155 117
5643 5149 107
4386 4386 117
1970 8528 199
2180 6968 112
2212 2919 112
6350 4493 85
4974 5008 199
4893 4893 54
9332 9332 130
9179 9179 117
5149 5643 107
5962 1435 48
5619 3469 199
9126 9126 117
5386 5386 54
9177 9177 117
6189 3698 199
7304 7304 130
9360 9360 54
2928 2928 54
7514 4355 199
8347 8768 201
1135 1135 49
9280 9280 117
9152 9152 117
4 4 117
4180 4180 117
7035 751 112
4694 4694 49
9235 9235 117
9156 9156 117
8483 4890 201
9029 9029 117
9257 9257 117
9096 9096 117
5675 694 199
8862 8862 48
3 3 117
9136 9136 117
1128 1128 117
4147 3671 199
7498 8251 199
7247 3599 199
3009 5632 112
8479 8103 201
1670 1670 49
6776 6776 117
232 810 179
9310 9310 117
1383 2468 85
6702 6702 117
262 597 177
2153 3218 177
5186 4263 199
5665 713 48
7509 7509 117
3218 2153 177
5632 9365 199
217 217 49
705 705 49
5664 2559 85
82 82 54
623 623 54
1996 1551 199
7349 6413 85
6565 3162 199
8665 8665 117
1617 1617 117
734 734 117
1044 1044 49
9131 8241 199
6203 3474 199
4658 4561 199
5626 5626 54
3376 6 201
3732 286 112
4125 741 199
7209 3689 199
8988 8988 117
6761 6761 117
936 2360 85
640 640 49
9296 9296 117
623 623 49
8574 8574 117
5395 3712 199
91 7615 112
82 82 49
412 412 48
9231 9231 117
170 170 117
5675 693 199
4208 4208 49
3821 8039 112
1062 1060 85
1670 1670 54
9105 9105 117
6950 2697 85
1465 1465 54
7122 6515 112
7009 4764 199
6503 900 199
8954 8954 117
6978 6978 117
6751 6751 117
