658
5509 4718 99
462 4984 94
552 7260 94
8993 5527 64
6216 1637 53
562 6607 94
562 410 94
6153 6596 64
5510 2906 163
5510 3339 163
5510 2784 163
4889 8105 213
6623 428 204
576 7163 53
5339 6336 53
8258 4345 213
921 8367 53
7632 634 99
5133 5812 26
5509 5184 99
462 9005 94
6475 1917 213
4987 4708 168
4987 7498 168
4987 8840 168
4987 8256 168
6546 6788 98
4351 6883 167
7228 707 53
6028 246 53
5510 8272 99
7081 2620 53
3399 4883 213
5780 4949 53
2473 4976 213
1471 8831 99
6361 8055 53
6565 8736 115
6565 8713 115
6334 3594 218
7632 5624 99
2391 6157 56
7782 9204 94
1798 24 53
8986 7350 99
8986 7928 99
8986 7498 99
5707 5077 53
3158 5798 53
4987 8870 168
4987 7681 168
4987 6835 168
4987 1890 168
292 4656 145
5515 1405 53
6021 3565 96
5510 6191 163
5510 841 99
7412 8191 99
2926 3625 44
8226 4423 188
8509 2354 53
1103 6504 53
3702 1734 136
6193 7065 53
7839 7248 84
3969 55 53
462 438 94
5386 6601 53
1408 2760 213
6579 797 205
8986 8355 99
4987 9242 168
4987 7216 168
4351 5211 167
5526 86 56
523 2596 94
5374 270 53
5566 5611 53
4116 3486 56
1823 468 53
3231 5203 53
7776 7712 96
8226 3680 188
5130 5833 218
4132 4519 94
6586 3602 53
1798 3476 53
8290 3012 94
4675 7896 96
462 3220 94
2749 5453 53
4987 5127 168
4987 9249 168
4987 6323 168
6546 4519 98
1139 4389 53
4351 752 167
4351 9015 167
562 4972 94
4034 5769 145
3907 5628 84
1423 3216 98
5510 3462 163
7081 2881 53
177 6606 53
3512 1331 145
5780 3874 53
2101 1797 53
1827 6329 64
6081 7074 96
6343 4826 94
6343 1538 94
8290 7445 94
6962 3340 53
4987 8770 168
4987 5827 168
988 7030 94
7228 2170 53
4680 6883 53
4874 5643 53
5510 5835 163
5510 710 163
5510 4208 163
5510 1559 163
5510 4061 163
5510 3557 99
5510 5395 99
3994 2882 213
4672 6819 56
7311 7242 213
6158 6437 96
6193 8394 53
5382 6259 94
6334 6247 218
7632 6294 99
7632 4174 99
7632 7653 99
8290 5440 94
552 3065 94
2232 2189 53
846 5418 145
8986 7723 99
4987 5473 168
4987 8350 168
587 7039 53
4351 5028 167
4351 1601 167
562 4628 94
3549 3172 213
292 139 145
292 1764 145
292 4644 145
1319 1346 56
8591 3275 53
5510 1659 163
5510 1935 163
5510 2105 163
5510 8928 163
5510 3352 163
5510 5186 99
5510 5819 99
538 2877 213
464 6338 94
7488 7761 53
5130 3594 218
5519 4649 94
1471 9109 99
7828 2656 53
2181 6801 94
6565 8886 115
6565 8898 115
6565 8402 115
6565 8693 115
6962 2169 53
7736 3489 53
7790 1072 64
4351 273 167
292 3924 145
6021 4140 96
5510 6191 44
5510 358 163
9351 9224 53
2794 4130 26
3399 5424 213
2926 513 44
8226 1217 188
1496 1092 53
1851 5092 53
140 4758 53
6193 8012 53
6184 3192 53
6565 8660 115
6565 8910 115
5445 6236 96
6343 4815 94
1798 1305 53
1137 7192 53
5509 6182 99
462 5670 94
8306 5620 136
2667 3187 53
4987 8465 168
4987 7370 168
4987 7419 168
4987 520 168
6216 2119 53
4605 5172 53
4240 4064 94
3102 4003 64
5510 1410 44
7599 111 56
464 5560 94
2929 495 53
5455 2824 56
140 3096 53
6565 8790 115
6565 7267 115
6565 8897 115
7632 1890 99
5509 5789 99
4987 9408 168
4987 7594 168
587 5135 53
4351 192 167
4351 4054 167
4654 7805 94
2045 1117 94
5566 4942 53
5566 6827 53
5510 1371 163
5510 3659 163
5510 8209 99
8958 3389 213
7488 182 53
719 4736 53
6361 431 53
6193 1644 53
6565 8786 115
6565 8871 115
6565 8318 115
6565 8885 115
2365 2738 213
6334 383 218
6586 4981 53
5871 4004 53
6962 1526 53
362 6153 53
3653 5773 53
2131 4260 53
2024 8144 53
4987 5169 168
5510 464 44
1565 1900 53
6219 7367 53
8101 7286 53
3702 3899 136
6361 4211 53
5382 3150 94
3969 106 53
4613 4448 53
1630 6822 53
2131 909 53
3158 978 53
4987 7509 168
4987 7418 168
4351 1638 167
562 7443 94
5835 4795 53
292 1845 145
801 1106 53
574 3602 53
2926 5780 44
1471 8293 99
1713 475 53
6334 1277 218
6334 5816 218
7632 4550 99
9052 8010 16
4675 2650 56
462 7894 94
2383 3649 53
4987 9129 168
7897 4354 53
4605 3043 53
338 1816 53
4351 4344 167
292 117 145
5515 1416 53
4116 1030 56
5510 5412 99
7599 5511 56
5639 4090 64
3863 4483 56
5339 4983 53
6158 6064 96
747 5773 53
3702 2293 136
6361 5192 53
6565 8846 115
6565 8839 115
4675 9061 96
462 7924 94
5043 7691 53
4987 1285 168
4987 2774 168
772 584 53
3675 5451 213
5510 986 163
2794 5735 26
2789 285 56
6565 8867 115
6565 7428 115
7632 6251 99
201 3219 64
5509 4709 99
5366 6995 213
8390 6548 53
1411 6658 64
3158 8431 53
4987 4814 168
4987 8214 168
4351 8274 167
4240 5143 94
1426 5185 53
8281 6320 213
6198 7065 53
1423 184 98
6698 7791 53
6021 111 56
5510 2624 163
5510 508 163
609 293 21
1621 2895 53
6193 2881 53
2816 3253 218
6565 7237 115
6565 8687 115
6334 3583 218
5979 5909 166
5509 3717 99
5742 3812 56
2850 1522 53
5970 5464 53
8986 8877 99
4987 687 168
2731 8524 53
4351 2201 167
4562 1816 53
5515 7952 53
5510 2832 99
464 7352 94
1533 8536 53
8226 4403 188
9272 4460 56
2586 5876 53
6226 1933 53
6361 7411 53
6193 6844 53
6193 1806 53
6735 5855 188
6565 7634 115
6586 557 53
8290 4606 94
9055 2091 53
4351 5972 167
292 5205 145
5510 680 163
8226 4392 96
645 3975 188
2789 7077 56
4356 3673 56
4356 3172 56
1471 5680 99
6184 3413 53
6010 2046 188
7632 1344 99
1798 7825 53
462 9009 94
462 7356 94
6870 5296 53
7801 3724 56
4351 5772 167
4351 2418 167
292 325 145
292 4648 145
2474 2261 213
7866 5212 94
2158 2253 53
5130 3870 218
5519 7355 94
2718 4040 53
6565 8268 115
6565 8767 115
7632 7998 99
1798 4452 53
4987 4733 168
4351 2874 167
4351 2824 167
4654 6433 94
5510 1044 163
1935 1661 53
7813 5308 213
1320 5092 53
564 3409 53
4356 7400 56
5344 9193 213
3702 1289 136
6361 1131 53
6565 8673 115
5382 7526 94
6334 3575 218
309 5779 53
2391 3350 56
5509 5651 99
552 2225 94
846 116 145
2803 1206 96
8986 5279 99
7353 1787 213
4987 7614 168
4987 7267 168
4987 2081 168
617 7524 188
562 4339 94
2462 1950 53
4034 2828 145
5252 5289 205
523 7030 94
4116 4205 56
5510 1483 163
5510 1317 99
2794 4125 26
5074 1126 136
6194 7568 53
1153 4205 53
4946 8050 213
1446 2640 53
6361 4921 53
2181 902 94
6334 3557 218
6334 386 218
3969 4227 53
7782 2351 94
3837 7367 213
8306 3277 136
8545 3826 53
4987 7361 168
4987 3962 168
4351 1027 167
4654 7385 94
5515 9192 53
2087 5682 53
5510 2380 163
5772 8070 64
5625 4930 96
464 87 94
6158 5573 96
3702 6808 136
1169 3805 53
6565 8754 115
6565 7333 115
6343 7390 94
8290 6196 94
4987 3283 168
4351 727 167
292 1584 145
292 458 145
3615 1325 56
5515 1949 53
6021 3981 96
5510 5241 44
5510 2914 163
678 7302 53
2183 5031 94
259 2932 53
5901 3187 213
6565 8870 115
6565 8896 115
6565 8570 115
6565 8527 115
2204 6431 94
5509 8030 99
462 6139 94
6962 54 53
958 5077 53
8986 1614 99
4987 7494 168
4987 5593 168
4987 3869 168
4351 7335 167
8075 3144 96
5566 2293 53
574 5648 53
4874 3213 53
5510 5566 163
5510 4909 99
464 2655 94
464 3353 94
2472 3418 213
1354 3358 53
6188 6313 53
1471 1128 99
1471 9081 99
6565 8683 115
6334 6642 218
3969 4088 53
7632 4526 99
1798 1126 53
5509 6358 99
4351 8035 167
1390 3201 53
2794 6182 26
3512 1847 145
464 5151 94
464 2790 94
5074 4045 136
9352 7157 53
1926 3275 53
1263 2471 56
6565 8666 115
6565 8314 115
6334 2363 218
5067 6605 94
5389 4380 56
5509 5838 99
4351 1541 167
1426 5661 53
5510 4893 163
5510 1531 163
5510 1940 163
5510 2859 163
7776 4882 96
5130 8331 218
5035 7831 213
6193 5330 53
6565 8711 115
472 4438 53
5382 8325 94
8581 5589 53
6334 4910 218
5053 4447 53
1798 1161 53
5509 6871 99
5509 4917 99
6962 7400 53
4987 9134 168
4987 5279 168
4987 5294 168
2731 1086 53
4351 8990 167
4351 3602 167
3021 9014 70
5406 6663 136
5566 2430 53
6357 976 84
4116 4839 56
5510 3650 163
8015 3078 84
6565 8648 115
4467 4508 96
6334 4671 218
6334 6050 218
6334 4935 218
3969 6511 53
2391 1445 56
1798 409 53
5509 7128 99
6962 2896 53
8986 7743 99
8986 7519 99
4987 5520 168
4987 9074 168
4605 5120 53
4605 7072 53
6191 4227 53
4351 3249 167
4351 5424 167
4351 1737 167
4351 8369 167
562 6091 94
562 2210 94
4654 5376 94
5957 743 53
705 5327 53
6060 3798 213
5515 1025 53
5510 1374 163
5510 2907 163
5510 1729 163
5510 1446 163
464 3859 94
140 3945 53
6361 3762 53
6565 8709 115
6565 8858 115
6565 8262 115
6334 373 218
7632 5402 99
7632 685 99
5509 5732 99
5509 3817 99
6962 1532 53
8986 7044 99
4987 7966 168
292 1829 145
292 938 145
8923 2180 99
5510 2158 163
7412 386 99
1471 9108 99
2816 4125 218
87 2007 84
6565 8719 115
5488 2847 53
3026 8149 53
6334 399 218
9052 3897 16
8290 7530 94
6962 5682 53
4893 1863 53
5970 5723 53
8986 2616 99
4987 9071 168
4987 7233 168
4987 9376 168
8923 5827 99
6922 3637 53
5515 4055 53
3339 2981 53
5510 309 163
9354 423 53
6193 1306 53
2181 6470 94
1579 17 53
5382 5854 94
7676 1359 213
1798 6502 156
5509 406 99
8986 8976 99
1133 3991 53
4987 7177 168
4987 6529 168
4351 834 167
4034 306 145
292 581 145
1483 5028 53
6021 5773 56
3512 6686 145
4896 4045 136
4869 44 96
5519 3252 94
1471 8572 99
1471 9094 99
1265 4568 56
6565 8316 115
6334 5833 218
7632 3557 99
