2705
9344 2752 122
8709 6651 129
1271 4817 219
3636 4402 51
6084 7148 207
5865 8226 198
7924 6651 72
718 6696 76
5826 5493 170
2845 4279 155
6821 4143 87
479 983 180
3328 2752 122
7995 1673 92
4769 7209 22
4971 6651 57
1692 5493 170
534 6192 51
2145 6565 172
5077 6565 172
7809 6182 36
92 6427 47
2652 6565 172
3993 9113 173
1626 3468 58
6755 6049 77
8169 2814 172
8533 6372 173
3565 5731 73
3423 6565 172
5617 6651 72
651 6651 37
8576 6096 178
6946 2745 171
5254 7148 207
428 4147 172
3742 6397 81
1757 6427 47
3108 6076 75
3711 2745 171
7228 4788 58
6115 5493 170
4520 3786 65
1604 6427 47
8204 8172 118
874 6427 47
3287 7670 81
4852 7369 78
6964 4987 180
3270 7379 173
3792 4987 180
1357 3468 58
2596 523 87
4135 2791 19
1090 983 180
6434 6565 172
1559 6427 47
596 6182 172
6011 8830 173
6059 7731 173
1565 1562 51
4389 3397 170
8199 6565 172
7355 6427 47
5028 6565 172
381 6427 47
4811 7519 173
6681 7850 1
3673 2745 171
7007 6902 76
5532 7512 173
4406 6565 172
7619 5493 170
336 5493 170
5409 8130 18
1328 6565 172
6621 6915 103
8624 6565 172
1073 6427 47
1635 2752 122
2157 5288 51
1845 6651 37
8279 4855 165
7132 2698 122
7826 89 81
6913 4245 66
5901 6565 209
6804 5735 91
7943 2745 171
5318 6427 47
4863 6427 47
9316 8172 118
9000 2814 172
9000 4728 173
8266 6651 129
305 6427 47
9005 5705 93
2178 4987 180
4761 6565 172
218 6651 37
5104 6651 72
7560 2745 171
7668 4987 180
682 6427 47
6746 5267 73
5502 7136 77
3459 5493 170
2358 6565 22
220 4987 180
5488 6595 17
4711 6651 72
4711 2964 89
5658 2791 19
6334 6427 47
1497 5493 170
500 5930 68
1553 5038 134
8495 8075 19
1878 6565 172
7294 4987 180
1810 8677 173
4586 2698 122
3187 4987 180
656 5493 170
862 6049 77
544 4346 92
3873 5493 170
5167 2745 114
2035 6427 47
3943 2814 172
3319 2814 172
339 6182 172
2143 6547 87
8331 2892 122
3815 4126 172
8976 2752 122
5117 3424 178
6033 3664 173
6185 4817 219
8421 5493 170
8968 819 171
1438 6651 37
8591 2864 57
4197 5493 170
5492 4595 76
1493 2752 122
2108 6651 37
4680 6427 47
7137 6182 172
397 4987 180
3763 3776 71
3519 2964 68
6153 983 180
1420 2814 172
573 6565 172
8462 8172 118
102 4987 180
6965 6651 37
3604 2453 89
4482 4987 180
9266 6651 123
843 3397 170
7952 6565 172
9165 8172 118
276 5228 160
8944 4987 180
4444 5493 170
1933 3707 176
5619 5616 114
6045 3737 122
4924 8130 18
7695 8172 118
7695 2752 122
7826 6049 77
8358 6290 23
9262 6192 51
8632 8172 118
1256 1271 176
1598 6256 89
8605 8172 118
3205 3468 58
844 7185 65
2894 3600 58
3810 2477 173
1232 3397 170
2459 5493 170
1764 6651 37
2161 5493 170
774 7920 73
1624 4987 180
3154 5493 170
8868 8172 118
7035 2587 114
7329 373 172
1720 3424 173
961 6427 47
1253 6049 77
156 6427 47
7577 6049 77
2203 2658 173
5606 6565 172
2357 6565 172
136 2752 122
6976 6427 47
862 6651 72
2275 6651 72
1106 6565 172
7696 2453 89
225 6651 129
4969 6651 72
6730 1637 86
8701 2752 122
4409 2453 89
8100 4393 171
1142 6287 88
123 2814 172
3104 4167 198
5737 3707 176
8102 4987 180
6033 4987 180
8542 5992 24
6317 9131 165
7206 2453 89
2354 6565 172
5436 6565 172
3990 6021 89
4342 4758 82
1112 3977 173
246 2477 173
8974 4738 137
9348 2752 122
716 3247 41
3804 983 180
5081 6427 47
7625 8065 92
2337 6651 72
8979 1271 176
7474 2745 61
6104 8172 118
4592 6192 51
7715 5249 17
2418 4987 180
8150 4817 219
2867 4987 180
5294 2752 122
3358 5493 170
5527 5930 68
3238 4143 87
4438 8110 173
1897 3245 198
237 6565 172
5753 2892 122
476 351 81
5901 2745 211
6226 6595 17
5964 6427 47
2709 5768 176
7542 7064 176
1017 7094 173
4428 3245 198
7088 3397 170
3816 6427 47
3865 6427 47
5171 4817 219
7054 2892 122
472 4854 51
3097 5493 170
1934 6427 47
3352 1562 51
2555 6651 37
627 6427 47
6966 5267 73
3197 2814 172
2651 7107 157
1295 6427 47
8847 2698 122
2659 4987 180
4636 6565 172
4044 4987 180
6359 7637 176
6229 5288 51
4826 6651 72
4826 5267 73
7090 6049 77
4138 2698 122
3093 6427 47
4376 6565 172
8041 2453 89
7069 3148 81
2760 5493 170
2738 5493 170
262 5493 170
6945 6565 172
3145 4817 219
2346 3970 86
4641 4987 180
3203 5783 172
8522 6427 47
7963 8465 165
1662 5493 170
5630 2791 19
1468 1349 159
6601 5493 170
4088 3397 170
6311 4987 180
8137 6427 47
7235 5493 170
7235 4987 180
8491 6651 129
6292 6060 215
242 6427 47
7534 6565 172
8663 6651 129
6912 6427 47
7741 6182 172
4639 3245 198
4207 7128 172
6554 6427 47
1861 6427 47
6403 7282 178
5735 5563 121
2596 2453 89
1824 3468 58
2987 6651 72
5881 9310 173
6166 3397 170
1344 2753 122
1157 5288 51
1028 5288 51
1578 5493 170
1037 6565 172
5226 4817 219
8417 5367 51
1912 6427 47
8453 8172 118
4834 1987 173
3703 2745 171
5612 5288 51
5782 7247 36
247 6427 47
8973 8087 173
8547 6565 172
3780 9237 173
3218 5686 206
9111 2869 122
1623 3677 215
6042 4817 219
4158 7920 73
4391 4987 180
2573 5493 170
5640 6651 72
5952 3707 176
1600 4987 180
440 5413 176
8411 983 180
6227 4279 155
5180 4595 76
2031 5493 170
2810 4987 180
9126 8468 116
5717 6565 172
7560 4987 180
6752 6427 47
5799 6427 47
3536 2698 122
7668 3424 134
6891 2453 89
8269 5249 17
2477 2752 122
3708 6781 86
6627 3111 73
2431 5493 170
7676 6565 209
793 4987 180
423 4987 180
3361 6651 37
7753 7567 172
432 5493 170
1857 5992 24
7993 6427 47
931 6651 37
439 6427 47
9191 6427 47
6099 2453 89
6561 6565 172
5530 3397 170
7650 3397 170
3834 6651 154
2439 7136 77
2069 5288 51
3250 6651 37
4958 4987 180
1260 2892 122
2395 6427 47
4105 5493 170
4395 6427 47
6032 5493 170
4550 7513 121
3559 4817 219
1663 286 157
2729 5367 51
8620 8460 116
3765 6049 77
9298 8172 118
2839 6336 93
5554 3397 170
185 2453 89
1199 2607 178
1199 4987 180
4142 2180 172
7885 8172 118
2779 6651 72
3473 3245 198
6611 6565 172
5523 5493 170
3005 6427 47
8456 6427 47
4632 4279 155
7853 6906 71
8299 6182 172
5881 3397 170
7893 541 77
8543 4077 122
7652 2745 171
127 6651 37
4648 5394 173
2840 2791 19
8784 2752 122
4236 6565 172
8658 6427 47
8729 8172 118
6949 4279 155
606 9225 173
4943 7094 173
8020 4987 180
5375 6651 72
1384 6565 172
7003 4987 180
7197 7282 88
1886 1951 173
8335 6427 47
1472 2631 81
1472 5157 78
1046 6565 172
3023 5493 170
5156 6427 47
8651 3245 198
8872 6427 47
8301 6192 51
8282 6067 93
7817 6565 172
28 6565 172
7286 8941 173
2303 88 81
1404 8130 18
50 6651 72
8995 6049 77
4029 2453 89
4377 6565 172
5614 6651 57
839 6427 47
6445 6651 72
5823 5493 170
733 3737 122
7205 2814 172
1152 6427 47
2364 6182 172
1295 2752 122
5255 6565 172
2589 1181 139
2060 2745 171
7631 2752 122
9227 2698 122
5582 3397 170
4888 1109 97
7577 6651 72
1317 2791 19
1956 617 198
3012 6651 72
544 6651 72
5006 5493 170
1504 4814 173
199 6427 47
2227 6595 17
6995 6182 172
6995 4987 180
1128 8172 118
8128 7148 214
8688 8172 118
972 5493 170
2989 4125 172
2655 2964 68
4020 2745 35
1024 6651 72
4374 2745 171
1151 4850 73
9218 2752 122
5877 6565 172
7830 3468 58
1477 5493 170
6898 5930 68
1412 6427 47
727 3707 176
4416 8239 81
285 2745 61
705 2968 51
847 9088 178
7540 6651 72
1625 7064 176
81 9102 165
777 5493 170
7290 4987 180
2340 6427 47
7999 6427 47
1231 5930 68
4748 5493 170
3224 1306 81
7246 8130 18
2880 2814 172
5838 2791 19
7057 3397 170
1532 4987 180
1577 8829 173
8943 2708 169
5701 4987 180
4163 6480 176
7530 5930 68
4617 6427 47
5712 6651 72
3218 4987 180
1073 4987 180
1886 5493 170
7063 6651 72
8352 7304 157
239 7761 93
4014 6427 47
7101 6427 47
3418 983 180
1077 6651 37
2759 5549 171
3858 6427 47
4864 3397 170
1634 6427 47
7974 2892 122
5668 4987 180
5767 2814 172
7292 4987 180
296 2477 173
4405 5493 170
2913 6427 47
5548 6427 47
4497 5786 86
6832 4987 180
3025 6651 72
8664 6651 129
7810 7254 91
164 8172 118
5382 6427 47
4503 4125 172
6137 6427 47
8046 983 180
2142 3176 87
8 8172 118
6751 8172 118
5564 6565 172
7014 6651 37
1216 5493 170
1836 4987 180
8346 6182 172
5212 6651 72
2685 1349 173
3866 6070 134
1783 6565 172
223 7031 87
1692 2814 172
5077 4987 180
9282 6427 47
8208 2739 173
4836 6427 47
8528 3245 198
2150 6651 72
307 4817 219
3911 6427 47
2059 5493 170
6100 617 198
8366 2814 172
2290 9341 173
1709 2579 171
5061 4987 180
3021 2453 89
1602 6182 69
2751 2745 61
7323 1943 81
2692 2477 173
107 4817 219
345 983 180
8051 8130 18
8936 2752 122
4160 3245 198
7706 7247 172
8660 8172 118
8000 2453 89
3106 3034 73
7856 4987 180
6426 3538 172
8539 6427 47
5278 7247 91
3335 6565 172
3804 7128 172
6232 2745 114
4569 2745 171
7999 3775 66
2133 6651 129
6415 5493 170
3850 6427 47
4111 2745 171
5772 464 169
1923 6565 172
6991 3245 198
5615 1632 178
1376 8130 18
492 4817 219
1532 5758 171
1385 5493 170
5762 2453 89
843 9071 178
4848 7567 91
1496 1562 51
6007 6427 47
1320 6651 57
8267 2752 122
3635 6565 172
382 7761 92
1732 6565 172
5820 2579 114
6042 8130 18
2661 5249 17
8628 6651 129
7390 7737 73
1267 4279 155
3710 6565 103
7740 2453 89
5965 5493 170
1707 2745 171
3188 2745 171
1269 4987 180
5857 6565 172
828 6427 47
7930 2453 89
2129 6565 172
449 6565 172
1017 2745 61
5688 3424 173
1764 6565 172
7088 2745 171
2359 5267 73
6199 6651 72
5171 2791 19
7875 2453 89
905 5493 170
1675 8549 157
1402 5991 24
3556 4987 180
5094 5666 81
5210 4297 81
309 6427 47
7065 771 173
7748 2752 122
7653 6427 47
233 4987 180
7338 6427 47
8706 2752 122
1807 5493 170
8206 2752 122
7457 6651 37
7598 218 81
289 3397 170
6092 6427 47
6180 6427 47
3319 5493 170
7192 4987 180
8118 6565 172
1186 7761 92
6819 8376 176
9138 2698 122
1756 2814 172
1381 6182 172
3745 3538 172
6950 541 77
1950 6427 47
5676 5493 170
7469 3245 198
7239 2745 171
1588 6427 47
1816 5686 206
8577 4987 180
1413 3600 58
2772 6565 158
4431 2745 171
3316 6427 47
2355 5045 51
6060 2745 211
4056 5930 68
6090 6651 72
4245 8150 173
1095 7148 207
8946 4987 180
6830 5493 170
4169 6820 82
273 5493 170
7693 2752 122
8635 8172 118
4876 7670 81
8170 5288 51
6349 8994 88
2921 5288 51
2576 5645 51
1008 1423 63
9269 6565 22
7196 4732 86
2197 5493 170
8200 2791 19
6521 2745 211
1062 2453 89
4236 5493 170
8417 3600 58
3290 7255 134
5624 6427 47
8532 8172 118
5316 3002 66
7571 4550 23
9118 2869 122
7111 6651 72
9390 9088 178
1384 5493 170
4869 4817 219
3342 6427 47
1657 3397 170
1682 2745 171
7381 6427 47
5392 5493 170
9337 6651 72
6157 5020 176
4211 2477 173
8287 7136 77
2595 4987 180
4310 5493 170
3432 6565 172
5971 9131 173
5971 5493 170
1222 6427 47
8256 6427 47
1808 5493 170
5928 6651 72
2506 6651 72
3056 4133 92
5474 8340 165
6969 2453 89
8843 2698 122
5793 6652 165
500 2354 73
1724 6427 47
9252 5294 23
1253 4132 87
9268 2752 122
6769 6427 47
5660 5493 170
765 2745 211
5520 2892 122
3680 7064 176
6930 7247 91
5507 6651 72
9295 2698 122
9064 7567 134
6799 2453 89
4472 7131 157
6757 6427 47
6972 5288 51
3158 5367 51
2818 6427 47
8406 2818 81
6469 2453 89
6216 3600 58
2655 6049 77
5201 6565 172
1416 7247 172
8026 6427 47
6596 4022 66
9247 6651 129
1945 5493 170
3978 6565 172
8871 8172 118
3021 4732 73
2379 6427 47
8065 6182 172
2198 7064 176
5635 6565 172
6083 5052 93
7041 4022 66
2642 3424 165
8170 731 51
4289 4279 155
6560 6427 47
1805 1980 173
1737 983 180
6286 5998 178
7527 6427 47
3006 6427 47
5576 6565 172
5062 4987 180
5325 3397 170
3822 6427 47
7915 2453 89
4782 4125 172
1584 6565 172
3604 6482 86
4834 5493 170
3358 4987 180
2051 2745 171
7863 5750 172
2510 3245 198
3712 3245 198
5561 6458 87
7013 5998 165
9048 983 180
3273 6651 72
868 7246 172
6618 3397 170
3710 4817 219
8713 6651 129
4460 6565 172
9172 6427 47
400 6427 47
7150 6290 23
3024 7148 207
6917 5493 170
998 6651 37
3199 2453 89
3865 7064 176
1278 6427 47
6382 5142 134
2188 3397 170
3434 5930 68
2556 734 173
6488 6651 72
838 6651 72
1914 3737 122
6941 6427 47
3148 6565 172
7139 6495 178
5312 6427 47
2394 2453 89
3165 2453 89
6486 7161 76
6218 167 157
2343 7727 173
630 6427 47
90 5873 157
7294 5493 170
317 4987 180
2760 6247 172
6316 4817 219
4424 4987 180
403 6651 124
366 2791 19
7321 6651 72
1661 2745 171
8169 7064 176
1347 8291 114
6085 6049 77
2909 3424 165
7493 3468 58
123 7198 173
6305 8761 176
7899 6595 17
6743 9088 178
4789 4126 172
73 6182 172
1814 3397 170
2564 2015 157
175 2698 122
5560 3023 86
84 3397 170
5151 6651 72
5709 4021 78
847 2477 173
8881 6651 129
4275 3245 198
2693 731 51
6213 5288 51
8920 2814 172
496 5991 24
3489 1860 137
3489 5493 170
525 6427 47
8586 3397 170
1726 6651 37
3733 5367 51
7557 6261 208
4738 6427 47
3822 6565 172
4592 6651 60
2371 4987 180
7220 6427 47
3863 4817 219
3265 2736 72
6243 7316 139
1207 6565 172
5730 6427 47
4848 6651 72
6467 4987 180
5591 7591 121
7508 6427 47
3233 3397 170
6621 5493 170
4519 3433 86
8857 2752 122
8352 1890 159
9011 4987 180
4407 3397 170
9080 2869 122
4593 5493 170
2648 4987 180
1995 5493 170
8900 6565 22
3562 6427 47
2586 5367 51
6761 8172 118
9021 6427 47
2126 6427 47
3602 2745 171
1017 7567 178
7026 5493 170
5605 6204 81
3199 6150 73
4423 5493 170
3434 6182 69
6433 4654 87
8810 2869 122
3579 2574 81
604 4987 180
3405 6427 47
5382 3424 160
6966 2453 89
8448 6651 129
6586 3600 58
4528 5493 170
2446 2745 171
811 6565 172
6064 3176 87
9100 2869 122
5871 1349 159
7978 5786 86
1818 8761 176
1783 6651 37
862 6427 47
4305 5154 73
8173 2745 61
7103 6427 47
8392 6427 47
1766 6427 47
6469 6182 69
3423 5493 170
9177 2698 122
4654 1349 159
8670 2752 122
4696 4077 122
8692 6651 129
8692 2752 122
4507 6651 72
5877 6427 47
1438 6565 172
8587 6427 47
2442 3034 86
4695 6565 172
4346 7064 176
4131 3397 170
5759 2791 19
397 6651 37
1111 2658 173
9320 2753 122
2098 4987 180
3724 7064 176
3226 6182 172
1943 2477 173
7357 6565 172
1876 4987 180
4748 3707 176
395 6565 172
1001 2698 122
3224 3111 86
2163 6427 47
1157 8862 157
9342 2752 122
3927 6565 172
8372 3537 169
8831 6565 22
7530 8994 88
8211 4489 51
6414 5493 170
9390 4987 180
4642 2477 157
9327 5142 23
2574 6427 47
3597 5030 82
7031 1349 159
6893 5493 170
251 5046 122
5480 5331 87
5480 6651 72
9309 6427 47
2660 6427 47
9089 6427 47
4946 6565 209
5216 6906 71
1840 4987 180
7615 6427 47
6336 4987 180
5138 6651 72
7542 4987 180
9211 6427 47
4883 2477 178
341 625 164
5876 3397 170
3285 6427 47
2481 4817 219
7538 2752 122
3091 4143 87
4180 2752 122
6863 7874 76
8210 8130 18
4064 6021 89
288 5493 170
412 983 180
8607 7136 77
4340 2818 81
5696 5493 170
1799 5992 24
6069 5493 170
272 6182 172
8715 6651 129
4439 5493 170
6209 6902 76
764 6565 209
796 2698 122
1332 4987 180
3242 4250 93
665 7064 176
7176 2453 68
555 7254 172
7583 2752 122
1380 6427 47
7964 4987 180
8100 3538 172
1797 4987 180
2320 6565 172
6191 2745 35
8102 5493 170
856 3397 170
3723 5493 170
3549 2745 211
8127 8172 118
2617 6565 172
9090 8172 118
2888 6565 172
1101 1562 51
4562 6565 36
1426 4279 155
4999 2745 171
2355 4402 51
2286 594 88
79 7064 176
1538 6651 72
2038 6565 172
2133 2869 122
5664 6182 69
5664 2453 89
3167 5142 159
4663 6651 72
3612 6427 47
445 6612 19
2720 7064 176
7998 6651 123
44 2453 89
5848 5493 170
7648 3737 122
1346 6565 172
3817 4817 219
1714 5493 170
5670 6651 72
7530 2453 89
2809 6565 172
8905 8172 118
5855 4987 180
1451 3388 34
6268 2453 89
532 7570 173
6038 6565 172
2471 6427 47
853 6427 47
7167 734 173
633 6427 47
1300 4987 180
5997 5493 170
7120 2814 172
91 2579 114
8455 6651 129
1345 6427 47
5030 5493 170
6112 5493 170
791 4987 180
4922 6509 82
560 3538 172
8002 5493 170
96 2453 89
8557 6651 129
1249 6427 47
2277 5288 51
7560 2477 178
9013 2864 154
412 6427 47
1857 6565 172
6703 4143 87
4587 5493 170
1216 7064 176
6064 6651 72
3613 7247 172
7634 2753 122
462 4189 34
4888 8383 176
9215 8172 118
5386 6427 47
479 4987 180
2685 7298 208
4665 4837 176
5595 3245 198
1509 3397 170
2593 7920 73
859 8172 118
8451 8172 118
6416 7148 214
7745 2698 122
3900 6565 172
3541 4987 180
42 2453 89
8137 2264 17
5908 2752 122
7859 6565 172
3742 6427 47
6317 4741 161
8492 6427 47
734 6427 47
6884 5493 170
8393 9088 178
4117 3245 198
2906 3388 34
6102 7136 77
5127 6651 123
1127 2043 81
3781 1646 81
717 6565 172
2001 3245 198
3598 4987 180
8749 6263 88
2635 4398 86
1455 4987 180
3200 6565 172
3248 7761 92
1765 5493 170
1544 5288 51
2834 6565 209
9334 6651 72
1739 6651 37
2163 7131 134
44 6651 72
8069 6651 37
7516 6427 47
8973 5493 170
4526 2698 122
1670 6427 47
3233 6565 172
6389 7216 134
2042 3397 170
8004 3377 73
4054 2814 172
8948 6651 72
1667 5991 24
4001 6565 172
8872 2698 122
180 8172 118
1844 6565 172
2913 9103 165
4655 2453 89
1439 2658 173
1324 3397 170
3262 4987 180
2837 2791 19
2763 6427 47
4377 6565 103
2366 3786 65
9010 2477 165
2308 4143 87
968 1271 176
4414 2477 88
4611 2745 171
8581 5288 51
7839 7737 86
1022 4987 180
792 4987 180
1918 3397 170
2447 4987 180
3210 7064 176
776 6595 17
810 5493 170
5568 2453 89
6338 464 87
4607 6427 47
6131 7128 172
7991 5371 86
3047 6651 72
9254 2752 122
2383 3468 58
2357 5493 170
4979 6651 72
5221 6565 172
2803 6651 37
8360 2745 211
5795 2745 211
2146 2745 171
513 3245 198
1510 3600 58
1611 2745 171
6405 3300 73
6914 5638 86
8653 8172 118
3904 3397 170
4464 4987 180
9134 2752 122
4584 2453 89
874 4987 180
6054 1128 173
1426 1562 51
8000 5059 86
4207 4987 180
1102 3468 58
6922 6427 47
4147 8130 18
1929 4279 155
9045 5493 170
785 5367 51
3682 6565 172
3913 4143 87
1726 1109 97
2058 6565 172
2163 7128 172
1875 4987 180
4891 4125 121
1714 7566 165
1721 6427 47
359 6651 37
5527 6651 72
5561 4873 87
7197 7325 88
1925 6651 37
2756 6427 47
4502 5067 87
8677 2752 122
3717 8130 18
5899 2453 89
9265 8172 118
5138 5705 93
8536 983 180
8811 6651 129
6344 6565 172
1598 6651 72
8472 6651 129
1747 6427 47
7803 4987 180
4307 7064 176
5620 2477 134
3170 2453 89
3966 6565 172
7060 6565 172
1144 983 180
1521 6427 47
6056 5249 17
7758 6651 129
7772 7148 207
333 2745 211
8230 645 198
2142 4125 91
1773 6565 172
4847 6651 72
1211 2752 122
4095 6651 37
5098 6651 37
7650 2745 171
1936 562 87
9286 6427 47
327 7948 173
6831 2814 172
6831 4987 180
7001 7247 172
3186 4987 180
4395 2453 89
4424 983 180
1228 6565 172
1388 3424 165
4868 3424 134
1860 2814 134
3058 2453 89
8576 6182 172
3524 5493 170
4092 7763 139
1089 1423 63
3331 4987 180
4235 9114 178
1242 6427 47
5347 2607 173
2322 3397 170
8065 2814 172
4910 2791 19
8500 5493 170
5253 6565 172
151 6427 47
3907 3322 82
4042 5493 170
1127 6651 72
2983 5493 170
245 6427 47
5523 6651 37
6439 7148 207
1734 6121 137
7287 4987 180
1992 4987 180
1225 6651 37
5846 1423 63
1348 2927 157
3736 8442 165
7291 6427 47
1358 5493 170
9276 6427 47
3439 4389 92
2860 4987 180
7699 6651 129
2170 5991 24
9315 6427 47
7530 3322 82
4848 7136 77
3981 3416 92
598 2752 122
5173 7148 207
5832 5493 170
4158 6651 72
2490 6565 172
4492 6427 47
3710 6565 172
6428 2818 81
1729 5288 51
3825 4987 180
5441 8130 18
6913 2477 88
926 6427 47
2307 6781 73
4001 5758 171
7943 7064 176
7083 8172 118
6112 7103 173
1135 731 51
5104 2453 89
9070 6427 47
7119 5529 176
7849 6565 172
3962 4077 122
7767 6427 47
6388 3377 73
938 5493 170
733 6182 109
5255 4987 180
8745 6427 47
5841 8130 18
738 4987 180
257 6651 37
514 3245 198
8177 6427 47
708 983 180
1869 4987 180
9231 8172 118
6359 5493 170
1096 4472 87
6653 6565 172
1234 4987 180
6962 4189 34
9346 6565 22
1065 6078 81
8794 2752 122
1504 6427 47
3214 6565 172
8763 2752 122
6750 8172 118
1201 6651 37
6310 5493 170
8307 2753 122
8963 2477 173
8620 2869 122
190 5493 170
1725 2477 165
9405 2752 122
6950 2966 92
5676 4126 172
2966 625 164
3527 7670 81
9201 1475 92
8896 8172 118
5560 6651 72
2379 1393 57
1359 4987 180
4568 7731 173
1492 7148 207
2272 5930 68
635 6565 172
4056 6182 69
2940 6427 47
6977 6973 116
146 7246 172
146 6546 63
6186 4817 219
5735 2791 19
2935 734 173
1676 6427 47
9214 6427 47
7551 6427 47
7289 6182 69
7168 6651 37
1056 2390 165
4625 6427 47
310 4728 157
8720 8172 118
2418 2745 171
7392 6584 19
9226 8172 118
4091 3397 170
4838 6651 72
4838 6427 47
3757 3977 173
1451 5367 51
2609 8837 173
609 6427 47
8449 6651 129
8789 6651 129
8369 4987 180
6528 6565 172
8718 8172 118
1707 983 180
8191 4817 219
1342 8383 176
4412 7148 214
4904 6651 37
296 2745 171
4609 6565 172
7657 7961 122
8344 6427 47
7349 7136 77
6686 9065 165
5230 4817 219
1806 5493 170
7247 4817 219
3977 8172 118
220 5493 170
2901 4987 180
5122 766 206
5841 4817 219
3919 4389 92
3690 6565 172
448 6571 134
2618 7064 176
2076 3677 215
9227 8172 118
6069 8331 172
1067 9156 173
9207 8571 81
4138 6651 123
4138 4973 121
4306 5930 68
3798 734 173
8792 6651 129
6801 594 88
2147 5493 170
7838 2453 89
7238 4873 87
2729 3600 58
2616 2753 122
3176 3388 34
3143 2453 89
7610 2453 89
3487 9003 165
3878 3397 170
7541 6651 129
7835 7737 73
5790 6565 172
1492 8744 165
6738 5493 170
9103 8172 118
2268 2453 89
3874 6565 172
3450 3247 41
7711 2753 122
1949 4987 180
2470 2453 89
9208 8383 176
146 3431 171
4688 6427 47
3327 6427 47
5862 6826 172
3248 2453 89
2461 5915 173
3682 4987 180
2066 3737 122
7651 6427 47
8469 8172 118
1578 9148 178
8080 6182 172
758 1228 81
7909 8046 81
8803 8172 118
1605 6565 172
3809 4987 180
5623 8672 165
1320 750 51
2428 6427 47
8369 2745 171
7734 7371 173
2149 6565 172
3756 6565 172
8767 8172 118
1052 3600 58
3023 4987 180
476 3412 73
620 6427 47
2299 7920 73
1325 3424 134
2015 1349 23
4996 1888 81
7088 5549 171
5620 6427 47
3783 5786 73
491 983 180
50 6049 77
5104 1526 73
7645 2752 122
4206 7998 159
5181 771 173
2096 8376 176
7754 6427 47
288 9075 178
1441 2304 121
5761 2791 19
2801 4987 180
1395 5493 170
4755 6427 47
5802 6427 47
4796 6565 172
8652 2869 122
2 2698 122
7124 2453 89
3943 2745 171
2107 1735 173
1976 7247 91
8451 6651 129
6849 5747 173
2578 4279 155
2689 2745 35
5275 3869 178
9248 2752 122
7847 3397 170
7858 6565 172
8992 6467 65
1489 2745 211
7859 6480 176
693 3245 198
3998 5436 86
5596 1210 215
4693 8172 118
2638 6705 81
8054 5786 73
3220 3704 65
4532 5493 170
8505 4987 180
2940 6651 72
6858 3245 198
273 6565 172
5188 2814 172
9289 2753 122
1227 6565 172
1420 6427 47
8364 2745 171
477 4987 180
3626 6506 81
1313 6565 22
8415 6651 129
4168 3305 78
9151 2752 122
2233 2453 89
2089 5367 51
2663 4987 180
3667 6427 47
8004 5067 87
1103 4279 155
4574 6651 72
7419 6427 47
6780 3707 176
4242 5961 172
3575 8130 18
3188 4987 180
5297 8320 121
6134 541 77
1287 6565 172
7443 1245 81
6740 2453 89
1019 2752 122
1289 5493 170
3896 6565 172
2810 2745 171
1125 5367 51
8751 6427 47
2700 6427 47
3206 4279 155
2277 6427 47
232 3397 170
166 8172 118
6565 2869 122
4479 6427 47
3219 2453 89
7954 6427 47
5936 4987 180
3056 6651 72
423 6224 169
288 1271 176
3574 1174 73
2501 8172 118
6695 7415 73
6943 6565 172
1920 6565 172
8255 6427 47
1848 8761 176
3386 6427 47
9168 6427 47
5606 6651 37
524 3092 137
1332 6651 37
3547 5493 170
2153 3397 170
4665 6565 172
3922 8383 176
5552 6651 72
6849 3397 170
4035 6565 172
1662 5768 176
3413 6565 172
266 6565 172
7518 3095 86
1864 6565 172
2095 6651 72
5201 4987 180
4992 6651 72
6887 6565 172
1162 4987 180
5609 2964 68
4997 2752 122
1937 6427 47
6237 6651 72
6133 4987 180
2592 5493 170
5127 6427 47
7540 5249 17
4982 5493 170
6464 1693 92
7137 5493 170
1505 3397 170
133 6427 47
7725 6427 47
2614 5367 51
4955 7325 173
8222 645 198
3740 6427 47
7057 6651 37
4618 6427 47
5773 6565 172
650 5493 170
987 6427 47
5623 6427 47
8877 8172 118
9312 8788 116
9015 6651 37
5410 2477 160
3597 5666 81
7913 2892 122
6045 4817 219
91 8296 114
1828 6427 47
438 5798 65
5022 5493 170
8985 6651 37
2690 7128 172
5299 8526 121
1660 3245 198
4630 3245 198
4087 5493 170
7589 8172 118
5668 6565 172
2211 2477 173
8096 6651 37
5228 6427 47
507 4987 180
3225 4189 34
8721 6651 129
5985 4125 22
6766 6427 47
3025 7670 81
3892 6427 47
9403 6427 47
2742 4926 73
4926 5493 170
4206 5288 51
1521 731 51
5823 6565 172
568 2745 61
1614 8172 118
501 5493 170
6586 6565 158
5879 4938 93
1798 6192 51
7564 6565 172
6307 6427 47
2931 5493 170
5538 4987 180
3496 5493 170
7090 6427 47
2439 6651 72
4758 6565 172
4055 4841 173
6688 983 180
479 2814 172
5686 6427 47
7151 153 173
2107 7064 176
339 983 180
5975 5493 170
6484 1304 81
8030 2892 122
383 5549 114
6216 3468 58
78 4987 180
1725 5493 170
1296 2752 122
39 4314 92
6950 6427 47
8926 6427 47
6230 6427 47
6743 6565 172
7435 2453 89
6211 5288 51
746 6595 17
5829 3397 170
3280 3280 109
6097 988 87
6292 7247 172
5151 2453 89
4902 4817 219
6463 6651 72
5363 2892 122
3763 6427 47
3129 594 88
5796 3886 82
6394 7654 178
2363 2791 19
6560 7031 87
5631 4987 180
3893 3328 134
7062 6427 47
6172 1228 81
1721 4987 180
6007 2869 122
5825 2745 114
5334 6565 172
2972 983 180
7863 4987 180
6044 2579 171
4284 6429 65
382 4587 78
5458 4987 180
6511 4987 180
4158 5030 82
3558 6565 172
3777 4987 180
8703 8172 118
7456 6182 172
6920 3677 215
4529 1164 172
1781 5493 170
542 6565 172
113 9131 173
5812 2791 19
963 2745 61
6328 4393 114
6361 6427 47
7565 6651 72
9234 6651 129
8589 2752 122
7389 6427 47
2643 5493 170
1609 6427 47
164 6427 47
2836 750 51
5412 8130 18
2901 2745 171
4422 6565 172
1192 4987 180
5821 6993 66
4064 2185 86
5109 983 180
5470 4987 180
649 195 137
902 6651 72
3924 6017 137
2393 2453 89
3409 5493 170
4998 2753 122
5973 4987 180
489 6651 72
5934 4987 180
7457 7522 173
5897 6651 72
1618 5838 172
6209 1002 81
7756 6427 47
6945 5493 170
8941 2752 122
9084 6427 47
8555 8172 118
5182 2453 89
6304 645 198
8465 6651 129
6987 5493 170
6305 2814 172
985 5288 51
3640 6565 172
6275 6565 172
1040 5493 170
8653 2869 122
7667 3670 81
510 6427 47
5436 2745 171
3128 7148 214
4102 6565 172
8204 2752 122
281 5493 170
8909 2753 122
246 6565 172
6791 3245 198
2952 6427 47
3843 4279 155
1974 566 159
1236 3245 198
9182 6427 47
6078 6565 172
1495 5288 51
8236 645 198
1839 5783 172
6070 2610 121
2812 6565 172
5118 6651 37
1474 4987 180
1459 3468 58
5101 2453 89
5624 4817 219
5837 2791 19
7265 6651 129
3673 4987 180
8044 2453 89
1802 983 180
1453 6565 172
9243 6651 129
7983 3397 170
7142 6565 172
1257 5493 170
9205 2453 89
4736 2814 172
6920 8941 173
91 1830 114
5770 6182 172
4521 8130 18
6336 734 173
6134 2453 89
4087 8048 173
5179 8994 88
560 4987 180
2459 8527 178
2993 3930 176
4307 7567 172
9234 6427 47
218 6427 47
7225 5493 170
2312 6651 72
4867 1271 176
8664 2752 122
360 398 173
6448 3424 173
5412 4817 219
5076 4279 155
8011 2745 171
4141 8275 92
902 2453 89
1869 983 180
4726 2453 89
6466 4987 180
630 9241 134
9304 2752 122
4439 6651 37
2621 6427 47
5365 3397 170
1810 3397 170
6800 6651 72
9238 8172 118
2346 6651 72
6930 8426 72
76 6565 172
4641 6565 172
7531 4987 180
1850 7258 137
7383 4987 180
8323 4747 165
8261 6651 72
7512 8172 118
5883 5493 170
3570 5493 170
7027 5873 173
8025 3245 198
3217 5267 73
1337 6211 169
4972 4175 73
3990 6651 72
1291 8172 118
7678 2698 122
1557 734 173
3339 6427 47
1482 731 51
6611 6480 176
2046 6651 37
7365 2453 89
1835 2745 171
1495 731 51
3903 6427 47
1633 6480 176
7625 2453 89
5397 2453 89
1208 2477 173
2608 6651 37
3204 6427 47
3350 3397 170
1576 6549 157
4592 6427 47
1313 8172 118
381 2745 171
9313 6427 47
3389 5493 170
4634 2477 173
1035 5493 170
1572 4817 219
6916 1423 63
7950 2264 17
4978 2227 169
2640 7519 173
336 983 180
3084 6651 72
9380 6429 65
4642 5367 51
6594 6565 172
9048 6427 47
564 6427 47
3629 6427 47
3435 6651 72
7473 983 180
6816 3411 87
5229 2753 122
1730 6565 172
9012 4987 180
2810 5493 170
8503 3707 176
6193 6192 51
89 6427 47
3371 8239 81
4246 3664 165
1829 4728 134
240 2964 68
2763 3600 58
3333 6565 172
3219 5267 73
8908 6651 129
2659 5493 170
4340 2964 68
6450 4987 180
6384 6427 47
3617 4987 180
1836 5493 170
5486 6427 47
3496 6565 172
4888 6651 37
2203 6565 172
7400 7064 176
7628 4126 22
4306 2453 89
3187 734 173
8064 4987 180
4971 6651 154
4681 6427 47
403 2745 114
3417 4987 180
3483 5493 170
659 6565 172
5769 2814 172
4052 5930 68
481 5493 170
3134 6651 72
123 7148 207
2462 6192 51
1884 2745 171
8542 6651 37
1709 5493 170
4447 3397 170
7348 6651 129
7719 6565 172
6167 6565 209
4933 6565 172
6133 5908 173
2849 4987 180
478 5992 24
8989 6222 176
8459 6651 129
1862 2814 172
3781 6651 72
7561 6651 72
4113 7203 81
991 3707 176
5123 5394 165
5562 4130 172
4226 5493 170
7429 6651 129
4525 3605 172
5084 6651 72
8200 4817 219
4417 2574 81
5961 2791 19
5415 7247 172
5615 5493 170
381 5686 206
3604 6651 72
4907 2745 171
4728 3737 122
2429 5493 170
4848 2453 89
570 6427 47
5541 3095 86
3470 2814 172
3722 4987 180
8685 8172 118
6647 6182 172
6658 2453 89
2820 6565 172
3677 7148 214
2916 9406 173
1345 1562 51
379 8130 18
5915 1349 23
8215 8172 118
7135 2579 171
8050 6651 37
218 5493 170
4917 5549 114
1624 6565 172
883 5493 170
2318 5493 170
1402 2814 172
5122 3397 170
1741 9134 134
9082 2869 122
7201 4987 180
5761 4817 219
2116 5493 170
4399 6565 172
7726 6834 137
1141 2862 93
8665 8172 118
8525 5493 170
3761 5493 170
3244 6565 172
981 6192 51
3187 7064 176
862 2795 87
5797 3857 92
2144 8150 172
7870 5155 81
5280 5493 170
6936 9032 86
759 6427 47
9037 3707 176
5602 8515 173
5769 4728 134
4828 6565 172
2598 6427 47
1414 6427 47
3353 5786 73
1659 6384 157
2647 7128 172
3678 5288 51
3595 6565 172
3670 5493 170
2751 6565 172
7845 2453 89
6097 4834 81
4695 4125 172
471 6427 47
929 1271 176
1377 5860 173
1112 4987 180
657 2453 89
7856 9313 173
5377 6427 47
9030 2453 89
6232 4817 219
8933 6565 172
1917 5493 170
5055 6182 209
3939 7494 134
1726 4987 180
6677 7850 1
1739 7064 176
5028 5493 170
4563 3245 198
7550 2752 122
5837 4817 219
3236 2375 82
5099 6651 72
111 8376 176
5541 6651 72
706 8130 18
3586 6651 124
1424 5493 170
2829 5493 170
4391 3424 173
5292 2818 81
9309 5412 22
4304 5619 172
1175 6427 47
7283 7637 176
476 2453 89
5989 6651 72
2623 4987 180
723 7094 165
4931 8130 18
5224 5493 170
5224 4987 180
491 4987 180
7225 6565 172
6788 2453 89
2643 4987 180
7119 7216 178
5072 4850 73
6863 5014 93
3694 6427 47
3026 4279 155
1295 6651 129
2781 8172 118
1364 7064 176
8209 4817 219
4495 5786 73
1780 5493 170
4119 4987 180
4998 4975 121
6593 5493 170
5934 5493 170
7492 8172 118
7086 4180 173
2727 6427 47
5871 6427 47
7600 2752 122
6996 2453 89
1534 5493 170
7340 5493 170
1293 6651 129
3811 9386 173
7840 2814 172
5809 6565 172
7044 8172 118
3031 7737 86
1859 7064 176
5890 7920 73
6035 6651 72
6 6427 47
3979 3930 176
4633 5493 170
6887 983 180
2856 5607 165
3143 6651 72
5609 2453 68
5689 4841 173
2190 7084 181
5560 3322 82
5607 2869 122
6237 2453 89
2474 6565 209
2590 4987 180
1569 6182 109
1748 5493 170
4124 8130 18
1090 7064 176
2947 6651 72
5771 6565 172
191 7128 172
9351 6192 51
3267 2453 89
8921 8051 172
752 7148 207
6104 2752 122
9133 8202 116
4670 8130 18
9273 6617 181
2396 6427 47
1853 5367 51
5931 4987 180
9209 6427 47
1601 3707 176
306 6651 37
5236 5571 159
606 4494 137
2562 7148 207
1401 2814 172
4775 2364 71
1623 6565 172
1300 7519 173
3799 2745 61
9080 6427 47
2916 7350 178
8888 2698 122
1658 4279 155
1561 4987 180
1238 3397 170
1686 6565 172
4241 5686 206
5995 8432 139
8008 7064 176
967 2745 211
9150 2752 122
1439 5493 170
3262 5493 170
1204 6427 47
1609 6565 172
2366 6651 72
1443 6427 47
1624 6427 47
6501 4987 180
2266 5529 176
1500 6427 47
568 2814 172
1825 6565 172
6606 8104 165
7445 6182 69
9377 7297 73
288 9256 103
5875 8376 176
7896 6781 73
6384 2892 122
2207 6565 209
6253 6565 172
5054 2453 89
5580 7193 134
7242 5493 170
3191 6427 47
162 8172 118
3187 6565 172
1100 6427 47
1796 5758 171
9284 8172 118
896 2752 122
3042 9112 173
4742 5371 86
2593 2453 89
6351 2453 89
1860 6427 47
6869 4987 180
4911 4987 180
5786 7148 207
3002 4987 180
5890 6651 72
1815 6427 47
6946 5529 176
988 3247 41
9050 2870 122
3952 2745 61
8260 2453 89
2154 3397 170
8577 6565 172
1745 5493 170
7926 5493 170
1148 4279 155
4999 1622 173
142 4987 180
1301 5493 170
4136 6651 72
2378 6651 72
6418 2745 171
6805 4987 180
1452 4728 134
8330 7567 22
2935 6427 47
1876 6565 172
6825 60 81
496 5493 170
2337 6427 47
2834 7148 214
5101 7293 78
4618 3397 170
7571 6427 47
7002 5930 68
5789 2791 19
4978 8383 176
7712 828 81
8020 5493 170
4514 6651 72
2574 3424 173
2628 1932 51
8189 5150 172
4158 4472 87
6947 5067 87
3583 3737 122
8929 2752 122
1637 5493 170
8888 6651 129
1238 7247 172
4449 4987 180
8809 6565 172
3659 4279 155
2788 6565 172
3601 2453 89
1598 351 82
4344 5493 170
7135 8376 176
7043 4987 180
47 6286 86
4209 750 51
5072 5930 68
11 2869 122
164 2752 122
3056 5652 93
5192 6565 172
6358 4817 219
7164 5930 68
3391 7064 176
5522 6182 172
8970 1943 81
3760 8200 91
1379 3397 170
2685 4987 180
4434 4987 180
2177 5493 170
5746 1562 51
6536 5780 169
5326 5783 172
3993 6120 178
3541 3397 170
6778 6427 47
3765 4472 87
6808 3548 134
866 4987 180
292 9131 160
9275 6427 47
7729 6427 47
2160 5493 170
7857 6565 172
1931 8226 198
2664 6182 172
7844 6651 129
929 9114 178
3907 6651 72
7621 6427 47
1998 4126 172
1750 1423 63
5024 5735 172
4650 5493 170
8804 2752 122
3226 4987 180
200 983 180
5267 3707 176
7236 2752 122
7128 8426 124
845 8376 176
1226 2745 171
689 5493 170
413 4987 180
9118 6427 47
5701 2745 171
2302 5493 170
5231 6427 47
5962 6427 47
4775 6651 72
6208 5493 170
5034 3538 172
1886 5992 24
2859 1562 51
3785 6049 77
5649 5493 170
3972 7136 77
7664 4987 180
5026 3245 198
36 4873 87
4001 7216 178
2301 6565 209
7930 6427 47
6702 6565 22
7823 2814 172
5985 6427 47
2951 7148 207
6986 6651 37
5060 1790 173
3520 5632 165
5524 6565 172
7560 5493 170
5850 5930 68
1026 6565 172
5488 5367 51
5474 2477 173
2920 6519 165
8607 2453 89
7564 7148 207
980 3397 170
1203 4987 180
4495 7096 86
51 2453 89
7631 8172 118
2385 6427 47
6408 6565 172
7086 9082 165
1317 2892 122
8283 6076 75
327 7064 176
8407 6651 72
4248 2745 171
3119 6427 47
7069 6651 72
289 6565 172
6092 8226 198
1783 3397 170
3042 5493 170
3349 8750 181
5205 6427 47
4441 8103 173
6339 5493 170
1662 4987 180
7742 8172 118
5898 6427 47
7838 828 81
8406 2453 89
32 2453 89
5329 4987 180
2683 5288 51
8419 8172 118
5282 4987 180
7700 5252 169
8473 2752 122
8168 8172 118
4695 8976 134
5933 6565 172
6459 5493 170
2474 7148 214
9228 3951 171
8909 8172 118
4616 2745 211
4294 3397 170
2764 6427 47
3060 6565 172
8974 1339 173
1171 6565 172
3087 2453 89
9208 6565 172
133 8172 118
3691 7528 165
3118 4854 51
8631 8172 118
3340 5493 170
1622 4126 22
8364 6182 172
5651 2791 19
1023 2453 89
7663 6651 37
2163 7131 173
2218 6651 72
2218 3412 73
2502 4987 180
306 3397 170
7106 5616 114
2429 6565 172
8644 8172 118
8877 6427 47
5504 8200 91
979 983 180
370 6427 47
4808 5394 157
8764 6651 129
7374 4147 172
6590 7064 176
3972 6651 72
543 5786 73
2307 5067 87
9294 6427 47
7526 5382 87
3144 2453 89
9121 8172 118
8472 8172 118
7769 6651 129
28 6222 176
9223 8172 118
1121 5288 51
2697 2964 68
9054 6427 47
4059 4987 180
805 4279 155
1550 3245 198
1624 9088 178
3336 4596 181
1521 1562 51
2555 5558 173
5488 8519 157
1826 4987 180
7680 7961 122
1022 6565 172
2654 6427 47
931 4987 180
314 6565 172
3924 4987 180
1449 983 180
1530 6565 158
3806 5493 170
284 2892 122
2735 4279 155
8665 8665 116
1560 6565 172
6368 6427 47
4513 2453 89
9257 8172 118
6202 2453 89
6672 5493 170
7353 6182 209
4018 3245 198
3666 1423 63
1725 6565 172
5254 4987 180
6684 2453 89
7027 5493 170
8859 3387 169
4959 7478 169
670 6182 36
285 3397 170
5513 5493 170
4217 3245 198
1519 6565 172
7761 5493 170
3714 4817 219
6046 4987 180
7711 8172 118
672 2160 65
3087 5267 73
2128 2745 171
2291 8051 172
6013 2453 89
6597 2453 89
1333 4987 180
4934 6565 172
273 4987 180
1911 8432 139
6374 6584 159
4967 5493 170
4389 2814 172
2225 7761 92
7253 6239 176
752 4987 180
3453 8172 118
976 6565 172
1474 12 173
457 5493 170
1346 4987 180
8080 2814 172
215 3245 198
8823 6651 72
6200 6519 157
6839 6565 172
6391 6182 172
3534 7136 77
7519 8172 118
8072 2453 89
8546 5493 170
7096 5493 170
4380 4987 180
1475 5493 170
3478 3245 198
1592 5735 172
5690 5493 170
4491 7850 1
2998 6427 47
8637 8172 118
2164 6182 172
9126 6427 47
3816 6565 172
3865 6651 37
7560 983 180
2376 4987 180
8511 8415 116
774 4472 87
1076 7270 157
5234 6565 172
7304 8172 118
3513 5493 170
4155 6651 72
5036 2814 172
7564 4987 180
5439 6565 172
829 4279 155
8283 5249 17
3796 4126 172
3873 3969 169
199 8172 118
6151 3245 198
6745 6427 47
659 734 173
117 6565 172
4378 5493 170
5075 2745 211
1306 5493 170
6861 6902 76
8405 2453 89
8045 6595 17
4374 3707 176
2956 6427 47
7235 6651 37
4276 9144 173
5949 4987 180
5998 6427 47
4695 6651 37
8051 2892 122
4616 6565 209
7425 5493 170
6357 4617 81
8646 2869 122
8385 6651 129
2098 5493 170
6061 2354 86
8680 6651 129
4443 4987 180
3340 2745 171
6233 6427 47
3913 2453 89
956 1610 169
3237 5493 170
5953 5067 87
5687 8941 173
6072 5493 170
5415 3397 170
7057 7515 173
2100 6651 72
5572 3377 73
1487 1423 63
1570 7136 77
6877 5493 170
4721 7148 207
1768 6427 47
3273 3411 87
584 983 180
9011 3397 170
3825 5020 176
1658 1562 51
3384 5288 51
543 6049 77
2637 983 180
184 6049 77
411 2814 172
2299 5042 92
5440 5786 73
1321 2745 171
8297 6651 129
1481 6651 72
4867 3397 170
8810 6651 129
8017 4987 180
7611 2453 89
7247 2791 19
7668 6427 47
2556 3707 176
2452 983 180
6891 6651 72
5092 8376 176
3814 4393 171
539 6565 172
1941 3397 170
6329 1827 93
7065 4987 180
1981 6565 172
