114
1199 1844 83
523 7483 190
8280 8280 115
5182 691 190
3300 1181 190
4280 4280 115
4693 4693 115
997 997 53
1212 1212 48
4985 4357 190
2561 2561 115
3882 3882 53
8386 1060 190
8388 8388 115
8313 8313 115
7546 3193 190
7545 3277 190
8520 8520 115
8236 8236 115
4310 4310 53
2909 6824 83
4496 4496 48
3355 4066 190
8573 8573 115
7740 7740 46
169 169 115
4037 4037 115
1876 7841 190
2073 6368 110
2103 2766 110
5801 4128 83
4496 4496 53
8543 8543 128
8420 8420 115
5463 1356 46
5133 3243 190
8373 8373 115
8419 8419 115
5658 3425 190
6706 6706 128
8570 8570 53
2772 2772 53
6912 4014 190
1090 1090 48
8508 8508 115
8394 8394 115
7074 1136 83
3858 3858 115
6441 732 110
5768 4358 158
4310 4310 48
8470 8470 115
8397 8397 115
8282 8282 115
8489 8489 115
8344 8344 115
5182 684 190
8137 8137 46
1 1 115
1082 1082 115
3822 3405 190
6655 3347 190
2843 5141 110
1571 1571 48
6187 6187 115
233 788 177
8529 8529 115
1306 2344 83
6129 6129 115
260 591 175
4753 3928 190
5172 702 46
6907 6907 115
5141 8574 190
218 218 48
694 694 48
5171 2425 83
615 615 53
1901 1458 190
5988 2985 190
7970 7970 115
1515 1515 115
291 85 83
718 718 115
997 997 48
5672 3248 190
4280 4190 190
5138 5138 53
3492 4249 83
3454 283 110
3803 724 190
6616 3417 190
8249 8249 115
632 632 48
4815 3471 83
8518 8518 115
615 615 48
7882 7882 115
4942 3436 190
4517 7710 83
93 7000 110
403 403 46
8466 8466 115
5182 683 190
3882 3882 48
1571 1571 53
8353 8353 115
6355 2558 83
1384 1384 53
6531 5944 110
5932 872 190
8215 8215 115
6377 6377 115
6175 6175 115
