467
454 6850 92
454 4579 92
544 6668 92
8252 5061 62
1561 1401 143
5686 1534 52
556 6030 92
556 400 92
5045 2754 160
5045 3136 160
5045 2647 160
571 6575 52
4882 5789 52
3912 5146 204
7569 4004 204
894 7677 52
7143 7363 92
454 8261 92
5903 1829 204
4580 4324 166
4580 6894 166
4580 8119 166
4580 7568 166
5970 6196 96
4010 6292 165
5520 248 52
6951 5461 94
6493 2489 52
5787 3344 209
2280 5632 55
7143 8443 92
5795 7635 92
1705 20 52
4296 3394 94
5210 4659 52
4580 7050 166
4580 6240 166
4580 1803 166
953 7163 92
3906 6629 92
5045 5660 160
7822 2252 52
1053 5933 52
5662 6480 52
7195 6656 82
454 5420 92
454 426 92
4580 8475 166
4580 6623 166
5693 6543 100
4010 4776 165
5060 87 55
517 2466 92
4917 269 52
5092 5125 52
4930 1800 55
4703 5333 209
1705 3250 52
7600 2848 92
4296 7248 94
454 3028 92
4580 4700 166
4580 8481 166
4580 5775 166
5970 4150 96
1092 4040 52
1561 1718 143
4010 734 165
4010 8269 165
556 4565 92
5335 2792 52
3606 5139 82
1344 3024 96
5045 3239 160
6493 2735 52
183 6029 52
1996 1704 52
1739 5780 62
782 4888 52
5570 6488 94
5795 4433 92
5795 1447 92
7600 6843 92
4296 6511 94
7474 1857 204
4580 8059 166
4580 5327 166
4010 7922 165
2920 421 204
4299 1607 52
4299 6292 52
5045 5335 160
5045 699 160
5045 3882 160
5045 1465 160
5045 3745 160
3197 4249 92
4293 6221 55
6712 6650 204
5811 5562 52
5662 7705 52
4928 5723 92
5787 5712 209
5795 547 92
7600 4984 92
544 2899 92
4580 5010 166
4580 7666 166
582 6448 52
4010 3048 165
4010 4617 165
556 4252 92
5045 1558 160
5045 1843 160
5045 1999 160
5045 8190 160
5045 3144 160
456 5791 92
6885 7115 52
4703 3344 209
2075 6207 92
5988 7715 113
5026 2131 52
7557 108 184
7096 3261 52
7169 2268 196
5693 6599 100
4010 272 165
5045 5660 42
5045 351 160
8561 8460 52
2653 3807 25
103 2076 103
1409 1043 52
5662 7371 52
5654 3006 52
4928 7636 92
7143 7072 92
5795 4424 92
1705 1246 52
1091 6599 52
454 5178 92
544 1721 92
5144 481 94
4580 7778 166
4580 6823 166
4580 512 166
399 118 143
4232 4738 52
8051 8030 204
2928 3692 62
6985 113 55
456 7174 92
456 5087 92
2773 487 52
4995 2684 55
152 2921 52
2268 7366 204
4010 195 165
4010 3740 165
4274 7164 92
1949 1070 92
5092 4540 52
5045 3395 160
8219 3178 204
6885 186 52
7556 1053 184
706 4351 52
5662 1541 52
5787 374 209
6008 4576 52
5368 3693 52
6364 1437 52
3392 5274 52
2019 3925 52
1924 7486 52
4580 4735 166
3484 3418 204
556 7322 92
5045 456 42
1468 1812 52
5689 6772 52
6708 3656 94
5811 3885 52
4928 2975 92
6008 7227 52
2019 880 52
4580 6907 166
4580 6822 166
4010 1535 165
5335 4401 52
1286 4913 52
1610 467 52
255 7680 52
5787 1220 209
5787 5317 209
8300 7368 15
4296 2514 55
454 7381 92
454 7246 92
4580 8375 166
7249 4013 52
1561 3904 143
4232 2881 52
4010 4003 165
5051 1336 52
1344 5445 96
3794 988 55
6985 5046 55
5149 553 62
5149 3769 62
4882 4578 52
729 5274 52
7600 7356 92
4296 8310 94
454 7275 92
4630 7060 52
4580 1229 166
4580 2638 166
751 578 52
7191 1066 82
5045 951 160
2653 5237 25
456 907 92
2650 282 55
5654 8555 52
7143 5130 92
4907 6393 204
1331 6085 62
4580 4423 166
4580 7548 166
399 3768 143
1349 4752 52
5667 6480 52
1344 188 96
6125 7152 52
5513 113 55
5045 2495 160
5045 499 160
600 289 20
5662 2735 52
2676 3058 209
1480 2933 52
5787 3332 209
2711 1431 52
4580 680 166
2593 7837 52
1561 220 143
1561 5764 143
4010 2091 165
5051 7309 52
456 6753 92
5662 6252 52
5662 1715 52
6159 5354 185
6008 551 52
7600 4233 92
6364 2783 52
8302 1988 52
4010 5471 165
4010 1346 165
4810 5299 196
5045 673 160
2650 6490 55
4015 3406 55
5654 3199 52
5501 1950 185
5795 7161 92
1705 7183 52
525 2118 134
525 5566 134
525 73 134
6278 4844 52
4010 5273 165
4010 2302 165
5458 3133 52
5273 4499 62
1373 2324 52
4703 3574 209
5054 6757 92
2583 3728 52
1705 4092 52
7557 5237 184
4580 4347 166
4010 2684 165
4274 5869 92
5045 997 160
7175 4856 204
558 3195 52
4015 6804 55
5811 1086 52
4928 6924 92
5787 3326 209
308 5280 52
5795 2596 92
544 2116 92
4580 6999 166
4580 1980 166
609 6920 185
5045 1397 160
2653 3803 25
8492 4033 204
4656 1080 134
5663 6959 52
1368 2509 52
6708 4906 94
2075 873 92
5787 3313 209
5787 378 209
7143 2250 92
3547 6772 204
525 6609 134
7474 3212 204
4580 6763 166
4580 3661 166
4010 985 165
4274 6788 92
5051 8430 52
1985 5188 52
5588 2000 184
5045 4468 42
5045 2272 160
5273 7423 62
5137 4531 94
5281 6991 52
1118 3517 52
5795 7166 92
5795 6794 92
7600 5665 92
4580 3086 166
4010 714 165
3360 1262 55
5051 1856 52
5513 3672 94
5045 2761 160
671 6704 52
258 2775 52
5988 7840 113
2092 5868 92
525 8230 134
525 17 134
454 5615 92
454 3394 92
6364 53 52
929 4659 52
4580 6890 166
4580 5113 166
4580 3573 166
5154 3683 204
7429 2970 94
5092 2189 52
5045 5092 160
456 2519 92
456 3146 92
5657 5765 52
5811 6991 52
5787 6065 209
7143 5282 92
1705 1080 52
544 7457 92
6146 2337 204
4010 7393 165
1310 3014 52
569 5078 52
2653 5653 25
456 4719 92
4656 3732 134
8562 6571 52
1836 3080 52
5787 2256 209
4649 6028 92
5795 4339 92
454 7356 92
517 2359 92
5045 4496 160
5045 1441 160
5045 1847 160
5045 2716 160
4703 7644 209
4621 7188 204
5662 4873 52
4928 7634 92
7890 5110 52
5787 4510 209
4638 4089 52
1705 1110 52
525 2447 134
6364 6804 52
4580 8380 166
4580 4842 166
2593 1035 52
1561 1626 143
2858 8268 68
5092 2311 52
3794 4445 55
5273 4397 62
5657 3131 52
4775 3749 62
152 1738 52
4104 4141 94
5787 4292 209
5787 5540 209
5787 4535 209
2280 1367 55
7557 6654 184
4580 5055 166
4580 8322 166
399 366 143
4010 3055 165
4010 7410 165
4010 4970 165
4010 1638 165
4010 7679 165
556 5578 92
556 2102 92
694 4870 52
5547 3511 204
5045 1300 160
5045 2755 160
5045 1630 160
5045 1368 160
456 3566 92
3361 7369 62
5811 3479 52
5787 363 209
525 5724 134
4580 7326 166
1561 1632 143
4010 876 165
5045 2046 160
2676 3803 209
5026 2708 52
5787 388 209
8300 3595 15
4638 8 52
7600 6928 92
525 2990 134
6364 5188 52
7096 534 52
4580 8319 166
4580 6639 166
4580 8585 166
6333 3379 52
5045 308 160
456 5454 92
456 2494 92
7477 4688 94
8564 413 52
5662 1247 52
1480 12 52
4928 5353 92
1705 5931 153
4496 1226 52
1088 3680 52
4580 6584 166
5693 8457 100
5970 8258 96
4010 813 165
1397 4617 52
1344 5568 96
5513 5274 55
4498 3732 134
4470 42 94
5054 3057 92
1211 4198 55
5787 5333 209
1705 4775 52
