2459
8554 2618 120
1216 4426 210
5215 718 171
5573 6560 198
7275 6075 70
6634 5141 72
705 6122 74
5326 5030 168
6223 3817 85
471 949 178
1781 5653 170
3125 2618 120
7351 1572 90
4375 6616 21
4564 6075 56
1589 5030 168
527 5661 50
2033 5988 170
4659 5988 170
7169 5653 35
95 5864 45
2612 4580 178
3683 8361 171
6179 5539 75
7508 2674 170
7845 5820 171
2436 6616 170
5131 6075 70
645 6075 36
27 8377 72
7885 5581 176
6352 2611 169
2178 4580 178
3463 5841 79
2040 3187 168
1660 5864 45
2934 5564 73
3435 2611 169
5595 5030 168
7436 6546 75
4151 3501 63
1489 5988 35
1489 2328 39
1504 5864 45
7540 7511 116
850 5864 45
6365 4580 178
3076 6781 171
5422 3300 72
3507 4580 178
2466 517 85
3810 2651 18
1040 949 178
6691 1055 167
1465 5864 45
590 5653 170
568 588 86
234 4580 178
4040 3187 168
7535 5988 170
6757 5864 45
3033 2206 80
4617 5988 170
4251 2329 87
7127 7201 191
372 5864 45
61 2611 202
7599 6075 70
114 1575 135
4417 6916 171
6108 7209 0
3406 2611 169
6417 6313 74
4056 5988 170
2266 2348 72
7003 5030 168
6443 3208 192
332 5030 168
1044 2611 202
6042 6326 102
7933 5988 170
1024 5864 45
1532 2618 120
1757 6075 36
7590 4457 163
6542 2559 120
7184 91 79
6324 3910 64
6208 5237 89
7300 2611 169
4865 5864 45
4464 5864 45
946 4580 178
8256 2674 170
8256 4343 171
7575 6075 127
304 5864 45
4275 6075 70
8261 5208 91
2071 4580 178
4374 5988 170
219 6075 36
6783 2092 85
7037 4580 178
676 5864 45
6169 4821 71
5038 6546 75
2258 7086 72
3235 5030 168
2254 5988 21
221 4580 178
5026 6016 16
4327 6075 70
4327 2803 87
5167 2651 18
5787 5864 45
1410 5030 168
6589 4808 16
1460 4624 132
4941 549 135
7810 7429 18
6696 4580 178
1719 7979 171
4213 2559 120
651 5030 168
839 5539 75
536 4005 90
1557 6478 174
4734 2611 112
1938 5864 45
3645 2674 170
4191 5484 23
3118 2674 170
335 5653 170
2031 5971 85
7644 2742 120
8237 2618 120
7280 6075 70
5524 3400 171
5655 4426 210
7735 5030 168
6819 2329 87
8230 797 169
3821 2348 72
1359 6075 36
5400 5988 170
3874 5030 168
5422 4510 72
5029 4222 74
7710 1313 70
1406 2618 120
4299 5864 45
6550 5653 170
4695 2329 87
386 4580 178
4967 6560 205
3480 3494 69
7341 4808 16
6649 533 75
3053 4343 72
1341 2674 170
566 5988 170
7775 7511 116
104 4580 178
6366 6075 36
4117 4580 178
8496 6075 121
7309 5988 170
8407 7511 116
5238 3669 171
8205 4580 178
4087 5030 168
1842 3432 174
5133 5129 112
5536 3458 120
4525 7475 17
7064 7511 116
7064 2618 120
7184 5539 75
8494 5661 50
7940 7511 116
1201 1216 174
1498 5720 87
7914 7511 116
825 6593 63
3523 2348 171
1177 3187 168
1669 6075 36
2070 7672 74
2048 5030 168
1037 4888 84
5814 1697 171
2258 2290 80
1521 4580 178
2979 5030 168
8142 7511 116
162 4580 178
7553 5864 45
6441 2456 112
6728 363 170
1617 3208 171
931 5864 45
1199 5539 75
170 5864 45
6966 5539 75
146 2618 120
6375 5864 45
839 6075 70
2164 6075 70
439 4580 178
228 6075 127
6154 1534 84
7448 4044 169
1093 5743 86
129 2674 170
5239 3432 174
7451 4580 178
5524 4580 178
7854 5485 23
5768 8377 163
6614 2329 87
2252 5988 170
3872 5971 85
4981 5988 170
886 5030 168
1062 3669 171
248 2348 171
6549 3187 168
8235 4353 135
8558 2618 120
3516 949 178
4663 5864 45
206 6849 135
7009 7419 90
2237 6075 70
8240 1216 174
2792 3187 168
5586 7511 116
3518 4580 178
4219 5661 50
1241 5988 170
7077 4808 16
2302 4580 178
7492 4426 210
2724 4580 178
4842 2618 120
3044 3817 85
3244 733 135
4082 7459 171
1809 3050 189
6051 5864 45
2851 5988 200
6548 5030 168
7406 5864 45
427 2348 72
468 344 79
883 5369 72
7286 899 72
2572 5270 174
977 6506 171
2861 2329 87
6507 7227 71
4074 3050 189
6748 5864 45
6499 3187 168
3527 5864 45
1411 5935 72
5511 5653 170
4737 4426 210
6470 2742 120
4048 4580 178
567 5864 45
2923 5030 168
2423 6075 36
619 5864 45
6367 4821 71
3009 2674 170
2515 6519 154
1238 5864 45
8125 2559 120
4259 5988 170
3731 4580 178
5696 4838 50
4433 6075 70
4433 4821 71
6503 5539 75
3812 2559 120
2918 5864 45
6484 2973 79
1298 5988 170
2603 5030 168
260 5030 168
6351 5988 170
3015 5284 170
2118 4580 178
7835 5864 45
1560 5030 168
5140 2651 18
6022 5030 168
375 5030 168
5763 4580 178
7480 5864 45
654 4580 178
6643 5030 168
6643 4580 178
7806 6075 127
245 5864 45
6932 5988 170
7968 6075 127
6323 5864 45
7101 5653 170
4263 3050 189
3881 6538 170
1772 5864 45
3667 2674 170
4053 7000 163
5237 5090 119
2466 2329 87
2822 6075 70
5641 3187 168
1105 4838 50
986 4838 50
7768 7511 116
4441 1894 171
3734 2967 174
3429 2611 169
5126 4838 50
249 5864 45
7858 5988 170
3026 5193 197
8359 2727 120
5533 4426 210
4043 4580 178
2437 5030 168
3112 4723 79
5150 6075 70
1500 4580 178
7725 949 178
4746 4222 74
1932 5030 168
3164 3187 168
8373 7781 114
5219 5988 170
1345 6919 163
5176 5653 170
5304 5864 45
3298 2559 120
7037 3208 132
6300 2329 87
7578 4808 16
2348 2618 120
3433 6191 84
6049 2937 71
770 4580 178
413 4580 178
3154 6075 36
7110 6958 170
421 5030 168
429 5864 45
8428 5864 45
5583 2329 87
7922 5030 168
7028 3187 168
3544 6075 152
6634 4702 74
7487 2329 87
1969 4838 50
3056 6075 36
4551 4580 178
1206 2742 120
2283 5864 45
3782 5030 168
5523 5030 168
4179 6911 119
3314 4426 210
1562 283 154
4422 4580 178
7929 7773 114
81 5909 174
3482 5539 75
4723 5030 168
2698 5789 91
6034 642 79
189 2329 87
5078 5864 45
3816 2073 170
4428 7816 162
7239 7511 116
3247 3050 189
6032 5988 170
5057 5030 168
2838 5864 45
7610 5653 170
1785 3415 170
7245 533 75
1362 6478 174
7855 3759 120
136 6075 36
4270 4940 171
2699 2651 18
8071 2618 120
3905 5988 170
7963 5864 45
7688 5988 170
3452 2329 87
8021 7511 116
597 8461 171
4918 6075 70
2523 4343 72
7648 5864 45
7638 2491 64
999 5988 170
2860 5030 168
7956 3050 189
993 6560 205
8144 5864 45
7612 5661 50
7592 5554 91
24 5988 170
2198 89 79
1324 7475 17
48 6075 70
3716 2329 87
8234 5864 45
5127 6075 56
5877 6075 70
717 3458 120
6613 2674 170
1100 5864 45
2257 5653 170
1238 2618 120
4812 5988 170
3868 1406 72
2458 1129 137
1961 2611 169
7014 2618 120
8462 2559 120
5103 3187 168
4492 1059 95
4339 2329 87
6966 6075 70
1255 2651 18
4273 6044 179
2848 6075 70
536 6075 70
4598 5030 168
1415 4423 171
202 5864 45
6393 5653 170
6393 4580 178
1082 7511 116
7474 6560 205
7988 7511 116
7658 2329 87
2824 3803 170
984 6075 70
6244 7327 91
6176 4808 16
8454 2618 120
5371 5988 170
1393 5030 168
1332 5864 45
714 3432 174
4064 7560 79
282 2611 59
5894 3773 69
694 2806 50
826 8336 176
2034 2674 170
6936 6075 70
4688 5864 45
1522 6478 174
2152 5030 168
2912 4741 63
753 5030 168
6691 4580 178
5062 1514 72
2240 5864 45
2965 4821 71
4363 5030 168
1708 2611 169
3033 1247 79
6654 7475 17
2734 2674 170
5338 2651 18
6472 3187 168
1479 8108 171
8204 2571 167
4243 5864 45
5213 6075 70
3492 6438 85
3026 4580 178
1024 4580 178
6477 6075 70
241 7115 91
3704 5864 45
3203 949 178
1027 6075 36
2626 5080 169
3565 5864 45
4465 3187 168
1531 5864 45
5175 4580 178
5269 2674 170
6694 4580 178
294 2348 171
2760 5864 45
5079 5864 45
2070 7672 86
122 2674 170
4131 5288 84
6237 4580 178
2862 6075 70
7969 6075 127
7171 6663 89
4928 5864 45
4137 3803 170
6612 3208 72
7401 949 178
2030 2993 85
6175 7511 116
846 1173 79
6424 6075 36
1163 5030 168
1749 4580 178
1495 5864 45
3570 5557 132
1691 5988 170
225 6438 85
1589 2674 170
4659 4580 178
7544 2604 171
2612 5988 170
4442 5864 45
7841 3050 189
2038 6075 70
306 4426 210
3611 5864 45
4823 7201 191
7676 2674 170
1605 2444 169
6176 4468 85
2858 2329 87
1502 5653 67
6722 1852 79
2553 2348 171
110 4426 210
339 949 178
7407 7475 17
8197 2618 120
3839 3050 189
7357 2329 87
2931 2872 71
7851 5864 45
4830 6655 89
3516 6538 170
5700 2611 112
4952 5864 45
6641 5781 91
2020 6075 127
5855 5030 168
3560 5864 45
3789 2611 169
2617 5988 170
5273 456 167
1833 5988 170
6388 3050 189
5128 1530 176
1301 7475 17
484 4426 210
1307 5030 168
5264 2329 87
3604 8524 72
4453 6958 89
5498 5864 45
1258 6075 56
7576 2618 120
373 7115 90
1634 5988 170
5321 2444 112
5533 7475 17
2523 4808 16
7936 6075 127
6794 7097 71
2560 3817 85
861 5237 170
7100 2329 87
5464 5030 168
3003 2611 169
1214 4580 178
5356 5988 170
808 5864 45
1346 8099 171
4775 5988 170
7286 2329 87
2018 5988 170
440 5988 170
977 2611 59
1416 5988 200
1669 5988 170
6499 2611 169
2255 4821 71
5684 5864 45
5668 6075 70
4737 2651 18
7229 2329 87
1573 7860 154
1322 5484 23
3075 5988 170
4675 5173 79
308 5864 45
6480 749 171
7107 2618 120
235 4580 178
5362 7047 171
6739 5864 45
8002 2618 120
1716 5030 168
7542 2618 120
6858 6075 36
6984 219 79
3128 6317 69
286 3187 168
5651 5864 45
3118 5030 168
6599 4580 178
7468 5988 170
1134 7115 90
6221 7689 174
4252 4343 72
8383 2559 120
1659 2674 170
1304 5653 170
3465 3300 170
6355 533 75
5183 5030 168
6871 3050 189
6646 2611 169
1487 5864 45
5843 7448 79
4075 2611 169
3115 5864 45
5547 2611 202
4046 6478 174
5576 6075 70
3910 7492 171
1046 6560 198
8207 4580 178
6235 5030 168
4871 5988 170
272 5030 168
7062 2618 120
7943 7511 116
7509 4838 50
2768 4838 50
969 1344 61
6603 4346 84
7537 2651 18
1012 2329 87
3905 5030 168
5136 5864 45
7844 7511 116
4863 2835 64
6961 4179 22
8366 2727 120
8594 8336 176
2069 3906 85
4470 4426 210
3138 5864 45
1554 3187 168
1582 2611 169
6784 5864 45
4979 306 170
4938 5030 168
8548 6075 70
5632 4611 174
3885 2348 171
2465 4580 178
3968 5030 168
1169 5864 45
7568 5864 45
1640 5709 135
1717 5030 168
5423 6075 70
2377 6075 70
5011 7653 163
6369 2329 87
8122 2559 120
5294 6076 163
492 2252 71
1624 5864 45
8484 4842 22
291 2329 87
6185 5864 45
5055 2742 120
5549 4108 85
8312 6958 132
6205 2329 87
4108 6541 154
6371 4838 50
2678 5864 45
1952 5988 170
7719 2678 79
5898 2329 87
2519 5539 75
4767 5988 170
1336 6655 170
7387 5864 45
6017 3710 64
8479 6075 127
1853 5030 168
2858 4346 71
1275 6736 71
8201 2491 64
2271 5864 45
7419 5653 170
4017 5030 168
5145 5988 170
6951 5988 170
2009 3432 174
500 2329 87
223 4580 178
5982 5864 45
1714 1886 171
1638 949 178
5742 5490 176
6925 5864 45
2840 5864 45
5710 3588 71
3532 5864 45
7265 2329 87
4389 3803 170
1484 5988 170
3848 8289 72
4441 5030 168
2380 3050 189
3436 3050 189
5088 5890 85
6423 5490 163
8296 949 178
3077 6075 70
843 6654 170
6039 3187 168
6729 7604 163
8414 5864 45
389 5864 45
6562 5747 22
1448 5864 45
962 6075 36
5528 5864 45
1222 5864 45
5827 4710 132
5917 6075 70
821 6075 70
1826 3458 120
2973 5988 170
6552 5924 176
6944 2329 87
4860 5864 45
2282 2329 87
1665 6478 174
5688 178 154
2243 7086 171
624 5864 45
92 5369 154
6758 6075 70
6696 5030 168
2160 8377 72
4071 4580 178
2118 5988 170
393 6075 122
358 2651 18
5070 5278 163
7508 6478 174
1280 7601 112
5574 5539 75
2757 3208 163
129 6604 171
5759 8052 174
7251 6016 16
5797 5864 45
6244 4702 74
1057 795 79
6166 8336 176
4395 3804 170
72 5653 170
1723 3187 168
5087 2860 84
4719 6075 70
826 2348 171
4323 6075 70
8152 6075 127
2009 4580 178
3937 3050 189
5681 4838 50
2494 6075 70
8180 2674 170
488 5484 23
3261 1771 135
3261 5030 168
519 5864 45
7892 3187 168
1626 6075 36
4353 5864 45
3532 5988 170
4219 6075 58
6627 5864 45
3568 4426 210
5708 6716 137
1155 5988 170
5233 5864 45
4453 6075 70
5896 4580 178
6905 5864 45
6086 2329 87
3041 3187 168
6042 5030 168
8134 2618 120
4057 3187 168
8328 2727 120
7018 2611 169
4220 5030 168
2513 4580 178
1900 5030 168
8164 5988 21
8275 5864 45
2014 5864 45
977 6958 176
5869 4274 85
8091 2727 120
3328 2438 79
4928 3208 157
6367 2329 87
7763 6075 127
4158 5030 168
4355 4580 178
6589 6075 70
5551 2993 85
8348 2727 120
5368 1282 156
7336 5288 84
1727 8052 174
76 5988 170
1691 6075 36
839 5864 45
1041 2674 170
5905 5539 75
3962 4722 71
6514 5864 45
7703 5864 45
1673 5864 45
5898 5653 67
7327 5988 170
8419 2559 120
7196 8352 171
4274 1282 156
7973 2618 120
4312 3759 120
4140 6075 70
5371 5864 45
1359 5988 170
80 5988 170
7893 5864 45
1822 6075 70
4311 5988 170
4005 6478 174
5261 2651 18
386 6075 36
1061 2521 171
7857 4580 178
8535 2620 120
1993 4580 178
3035 5653 170
1852 2348 171
6759 5988 170
1790 4580 178
150 5484 23
4363 3432 174
383 5988 170
964 2559 120
3033 2937 84
2051 5864 45
1105 8137 154
8552 2618 120
3629 5988 170
7683 3299 167
8110 5988 21
7602 6449 191
6928 8253 86
5854 5030 168
8594 4580 178
5572 588 86
6452 7201 191
349 6391 76
4264 2348 154
8540 4710 22
7662 8057 192
2438 5864 45
7274 7201 191
6438 1282 156
6301 5030 168
5017 4874 85
5017 6075 70
8528 5864 45
2522 5864 45
6729 5864 45
8337 5864 45
4781 6317 69
1752 4580 178
7000 5864 45
5789 4580 178
4706 6075 70
1699 6016 16
2846 2348 72
8448 5864 45
4487 2348 176
2353 4426 210
6935 2618 120
2916 3817 85
3858 2618 120
6060 2329 87
6271 7225 74
1501 4710 132
5247 6560 198
7546 7475 17
285 5030 168
403 949 178
1252 949 178
1707 5485 23
5556 5030 168
271 5653 170
8008 6075 127
4083 5030 168
5678 6313 74
743 5988 200
771 2559 120
1267 3031 135
548 6663 170
8398 7511 116
6972 2618 120
1316 7831 171
1303 5864 45
7321 4580 178
7448 3300 170
1704 4580 178
2597 89 79
2220 5988 170
5660 2611 34
7451 5030 168
3446 5030 168
7589 2990 79
7473 7511 116
6502 6706 72
2487 5988 170
8338 7511 116
2179 588 86
3256 5129 169
1447 6075 70
1941 5988 170
2020 2727 120
7245 718 72
5171 5653 67
5171 2329 87
435 6033 18
7788 5030 168
2584 6478 174
6225 8350 163
7355 6075 121
1864 6560 198
42 2329 87
3528 4426 210
1611 5030 168
5178 6075 70
4680 3208 72
6928 2329 87
2671 5988 170
8168 7511 116
5354 4580 178
1039 4580 178
1373 3177 33
5731 2329 87
3133 8553 135
6578 718 171
627 5864 45
1243 4580 178
5489 5030 168
6529 2674 170
93 2444 112
7770 6075 127
1279 5864 45
5842 2329 87
768 4580 178
4523 5939 80
4508 6075 70
7359 5030 168
100 2329 87
7866 6075 127
1196 5864 45
2167 4838 50
1640 2611 169
4690 2611 202
8267 2721 152
403 5864 45
6130 3817 85
4214 5030 168
1163 6478 174
5551 6075 70
3358 6655 170
454 3866 33
4492 7695 174
471 4580 178
4285 4443 174
5115 3050 189
1418 3187 168
836 7511 116
7766 7511 116
5856 6560 205
7104 2559 120
3598 5988 170
39 2329 87
3169 4953 72
7480 2149 16
5403 2618 120
7214 5988 170
3463 5864 45
7807 5864 45
718 5864 45
7704 8336 176
3795 3050 189
1489 8507 157
5078 5909 174
2754 3177 33
5584 6546 75
4700 6075 121
1081 1947 79
3497 1544 79
704 5988 170
1907 3050 189
8039 5726 86
1377 4580 178
3053 7115 90
1670 5030 168
1451 4838 50
2693 5988 200
8545 6075 70
3033 3208 72
1641 6075 36
1526 2329 87
2051 6541 132
42 6075 70
5130 6317 69
5634 949 178
6914 5864 45
4156 2559 120
1571 5864 45
3041 5988 170
5834 6623 132
7888 8413 72
1946 3187 168
7360 3167 71
3740 2674 170
8210 6075 70
1568 5484 23
3690 5988 170
8144 2559 120
3164 6075 36
1756 5988 170
2861 6075 70
2760 8351 163
4276 2329 87
1360 2521 171
1261 3187 168
3067 4580 178
2696 2651 18
2258 3501 63
2204 3817 85
937 1216 174
4062 2348 86
4237 2611 169
7890 4838 50
7195 7097 84
982 4580 178
769 4580 178
752 6016 16
788 5030 168
5791 456 85
4234 5864 45
5607 6538 170
7906 4808 16
7347 4914 84
2885 6075 70
6350 5864 45
8485 2618 120
4574 6075 70
7801 7201 0
439 4343 171
2665 6075 36
5297 2611 202
3961 202 163
505 3050 189
399 5864 45
1510 2611 169
7796 4493 192
6325 5148 84
7958 7511 116
3461 2674 170
3602 3187 168
4101 4580 178
1277 4580 178
8380 2618 120
4211 2329 87
850 4580 178
414 2674 170
3881 4580 178
6333 5864 45
3822 7475 17
8293 5030 168
2814 6916 72
3613 3817 85
1626 1059 95
1788 5030 168
2051 6538 170
5198 4580 178
1789 4580 178
4494 3803 119
1611 6957 163
1620 5864 45
553 4943 90
352 6075 36
5061 6075 70
5088 4475 85
1835 6075 36
2623 5864 45
5697 5988 200
4136 4649 85
7979 2618 120
3440 7475 17
5393 2329 87
8495 7511 116
4706 5208 91
7847 949 178
5796 5988 170
1498 6075 70
7784 6075 127
1706 1332 132
1649 5864 45
7596 4343 86
3965 6478 174
5134 2348 132
2988 2329 87
3664 5988 170
1095 949 178
1430 5864 45
5544 4808 16
7114 6075 127
330 2611 202
2030 3803 89
1680 5988 170
1158 2618 120
7427 6075 70
4679 6075 36
7028 2611 169
1844 556 85
8510 5864 45
326 7305 171
6236 2674 170
6236 4580 178
1671 5653 170
7461 6546 75
6801 5864 45
4071 949 178
1173 5988 170
4469 3208 132
1771 2674 132
4397 5864 45
2893 2329 87
7885 5653 170
3288 5030 168
3771 7118 137
1038 1344 61
3904 8362 176
1187 5864 45
4889 2474 171
2222 3187 168
7419 2674 170
4510 2651 18
7815 5030 168
4811 5988 170
165 5864 45
3606 3120 80
1081 6075 70
247 5864 45
5057 6075 36
2321 2329 87
7210 7143 85
1635 5600 135
5123 2329 87
1902 3228 85
6689 4580 178
5345 1344 61
1281 2771 154
3457 7757 163
6693 5864 45
1289 5030 168
8504 5864 45
3219 4040 90
3413 5988 170
2717 4580 178
7065 6075 127
2059 5484 23
114 5988 170
8531 5864 45
6928 3120 80
4453 6546 75
5207 8052 174
592 2618 120
4740 6560 198
5332 5030 168
3837 6075 70
4127 5864 45
7638 3340 72
5865 2678 79
1630 4838 50
3535 4580 178
4985 7475 17
6324 2348 86
899 5864 45
2202 6191 71
3690 5260 169
7300 6478 174
6495 7511 116
6115 4580 178
4523 836 72
8318 5864 45
6527 5063 174
7208 5988 170
3661 3759 120
7121 5864 45
5833 3167 71
910 5030 168
717 5653 107
4812 4580 178
8034 5864 45
905 1690 91
5341 7475 17
257 6075 36
506 3050 189
7514 5864 45
697 949 178
1782 4580 178
8466 7511 116
1047 4108 85
1495 3196 85
5420 2501 79
1179 4580 178
105 5864 45
6364 3866 33
8556 5988 21
3128 2329 87
1015 5566 79
8077 2618 120
5549 5539 75
1415 5864 45
8053 2618 120
1150 6075 36
7615 2620 120
8227 2348 171
7630 4808 16
7929 2727 120
1625 2348 163
5183 3804 170
8438 1392 90
7589 2329 87
5087 6075 70
2271 1313 56
4198 7090 171
5493 6075 70
3741 5653 67
2784 5864 45
6376 6372 114
2852 5988 170
5237 2651 18
2777 718 171
1576 5864 45
8451 5864 45
6947 5864 45
6690 5653 67
1007 2279 163
4250 5864 45
309 4343 154
8012 7511 116
2302 2611 169
6796 6007 18
315 665 179
3770 3187 168
4444 6075 70
4444 5864 45
2933 2611 169
7354 2329 87
2478 8116 171
2102 4723 79
600 5864 45
6000 5258 91
4514 4702 74
7764 6075 127
6086 5653 67
2069 3208 72
8073 6075 127
7679 4580 178
5150 2348 72
5169 4468 85
5955 5988 170
3156 6360 72
8011 7511 116
7526 4426 210
4505 6075 36
294 2611 169
4236 5988 170
7659 5864 45
1913 4580 178
6112 8313 163
122 5030 168
4795 4426 210
1715 5030 168
6019 6912 72
6655 4426 210
2017 4580 178
3669 7511 116
221 5030 168
2749 4580 178
4697 744 197
905 2329 87
5341 4426 210
3618 4040 90
3418 5988 170
438 5994 132
2488 6478 174
1975 3408 206
8462 7511 116
5556 7644 170
1017 8397 171
3812 6075 121
3812 4566 119
3511 718 171
8075 6075 127
6207 588 86
7194 2329 87
6645 4475 85
311 1173 79
2486 2620 120
2993 3177 33
1057 6546 75
6995 2329 87
3259 8259 163
6937 6075 127
7191 7097 71
5291 5988 170
4001 4396 90
2441 2329 87
8351 7511 116
2155 2329 87
4428 949 178
3228 3052 39
1856 4580 178
2346 2329 87
8446 7695 174
1850 5030 168
3124 5864 45
3053 2329 87
2337 5410 171
7792 7452 192
1966 3458 120
7029 5864 45
7782 7511 116
4094 3667 79
7434 5653 170
739 1173 79
7260 7401 79
8085 7511 116
7378 8313 72
3522 4580 178
7581 4808 16
7679 2611 169
7093 6774 171
2560 8341 72
2036 5988 170
3476 5988 170
2860 4580 178
468 3198 71
1986 5506 135
612 5864 45
392 5513 87
1262 3208 132
1741 5030 168
4589 1802 79
6499 5080 169
5134 5864 45
3498 5288 71
482 949 178
48 5539 75
1527 6736 84
7025 2618 120
3880 7355 156
6547 5030 168
4747 749 171
7111 5864 45
285 8323 176
1363 2199 119
5263 2651 18
1315 5030 168
4370 5864 45
3964 5864 45
4402 5988 170
7957 2727 120
6534 2329 87
3645 2611 169
1882 6655 89
1594 5988 170
7766 6075 127
6258 5251 171
2550 2611 34
4828 3573 176
8480 2618 120
2206 7604 163
7206 3187 168
8251 5896 63
1402 2611 202
7214 5909 174
683 3050 189
3687 4981 84
4309 7511 116
2508 6132 79
7411 5288 71
3028 3431 63
414 137 135
4162 5030 168
1801 3187 168
7820 4580 178
2784 6075 70
6266 3050 189
272 5988 170
4755 2674 170
8513 2620 120
1172 5988 170
1341 5864 45
7674 2611 169
469 4580 178
7729 6075 127
3848 3102 76
114 5030 168
8393 2618 120
2120 2329 87
1795 8259 171
6316 5736 72
4640 1 171
2524 4580 178
3492 2329 87
7360 4649 85
2100 6449 0
6729 5988 170
4203 6075 70
6823 5864 45
3907 5462 170
3326 7475 17
3003 4580 178
1814 2611 169
4845 7625 119
1986 5988 170
5609 533 75
1231 5988 170
3190 4580 178
6163 2329 87
979 2618 120
1232 5030 168
3594 5988 170
1913 5030 168
1414 5864 45
8042 5864 45
2562 5864 45
2167 5864 45
233 3187 168
4787 6075 70
4048 5237 170
5988 2727 120
4114 5864 45
3027 2329 87
7312 5864 45
5428 4580 178
285 1216 174
3325 1122 71
6732 5284 72
2373 7511 116
6348 5988 170
7567 5864 45
1760 8052 174
3175 5864 45
8410 5864 45
518 2917 135
3307 5030 168
1215 6075 70
5144 4580 178
1041 5030 168
4285 5988 170
3622 7695 174
6258 3187 168
2322 3588 71
3723 5988 170
1560 5270 174
5593 1129 137
3199 5988 170
264 5988 170
5693 5864 45
124 7614 132
1775 5988 170
1991 6075 70
4767 4580 178
4585 6075 70
6296 5988 170
1113 4580 178
6121 3162 71
4590 2618 120
6819 5736 72
534 4580 178
2462 5030 168
4700 5864 45
2034 5030 168
6936 4808 16
4577 5030 168
5895 1590 90
6550 5030 168
6641 6546 75
142 5864 45
7213 2348 72
7083 5864 45
3460 5864 45
6275 6075 70
6472 6075 36
5274 5988 170
644 5030 168
952 5864 45
8269 6075 36
3346 5173 79
7263 2742 120
5536 4426 210
93 7606 112
1740 5864 45
426 5303 63
4613 5030 168
8247 6075 36
2551 6538 170
1559 3050 189
4254 3050 189
6978 7511 116
5175 5988 170
4793 5864 45
498 4580 178
3034 3866 33
8013 6075 127
5478 3803 21
7720 2329 87
3590 5864 45
8601 5864 45
2607 4527 71
4527 5030 168
3880 4838 50
561 2611 59
1513 7511 116
8 3807 170
493 5030 168
6008 5988 155
1705 5661 50
5761 5864 45
2774 5030 168
3973 5030 168
5071 4580 178
6503 5864 45
5361 3588 84
6114 949 178
471 2674 170
1267 7614 132
5193 5864 45
439 5864 45
335 949 178
5911 1245 79
7391 2742 120
374 5080 112
79 4580 178
4099 6724 171
1625 5030 168
36 3974 90
6355 5864 45
5226 5030 168
8187 5864 45
5698 5864 45
6166 5988 170
5679 4838 50
712 4468 85
5329 3187 168
3085 3085 107
4719 2329 87
4503 4426 210
5894 6075 70
4902 2742 120
3480 5864 45
5347 6655 200
2956 588 86
568 5726 86
5838 7030 176
2256 2651 18
6567 3187 168
5982 6438 85
3591 3125 132
6476 5864 45
3351 1992 80
4262 5030 168
1620 4580 178
2378 3588 84
5498 2727 120
5325 2611 112
5061 3208 72
4877 5988 170
5527 5939 80
2810 949 178
5535 2444 169
3943 5866 63
373 4214 76
8000 7511 116
6857 5653 170
1689 5030 168
116 8377 171
6834 4343 72
5313 2651 18
933 2611 59
8500 5030 168
5811 5864 45
7272 617 162
3093 2329 87
1404 1241 79
8469 6075 127
7895 2618 120
5176 3176 167
2683 5208 91
1509 5864 45
1525 4580 178
4958 7475 17
2749 2611 169
4069 5988 170
1141 4580 178
5322 6390 64
4686 949 178
5007 4580 178
643 198 135
873 6075 70
3626 5508 135
3195 5030 168
4591 2620 120
481 6075 70
6858 6919 171
4339 2834 84
1516 5338 170
5678 965 79
7113 5864 45
6351 5030 168
8202 2618 120
8332 5864 45
7864 7511 116
1767 2674 170
1702 5864 45
7315 7201 0
4748 2329 87
5758 637 189
7778 6075 127
8216 3573 72
5759 2674 170
950 4838 50
3382 5988 170
7958 2727 120
502 5864 45
5561 3187 168
7571 2348 72
4981 2611 169
3779 5988 170
7540 2618 120
248 5988 170
6198 3050 189
1880 559 156
1181 3050 189
8423 5864 45
5566 5988 170
1408 4838 50
2965 4262 69
1751 5284 170
5557 2479 119
1391 4580 178
4681 2329 87
5136 4426 210
5337 2651 18
6672 6075 127
3406 4580 178
7399 2329 87
1710 949 178
1375 5988 170
7339 3187 168
3044 8377 72
4128 180 72
6554 5988 170
6791 4343 72
8444 2329 87
4351 2674 170
861 5042 170
93 1743 112
5272 5653 170
4152 7475 17
6257 5988 170
940 5864 45
5789 718 171
5609 2329 87
4745 8253 86
2828 3633 174
3965 6958 170
8469 5864 45
219 5864 45
6632 5030 168
2210 6075 70
7969 2618 120
2049 1603 90
5880 3208 171
6884 4146 179
4958 4426 210
846 2166 64
7370 2611 169
3815 7584 90
873 2329 87
8183 4580 178
1782 949 178
4341 2329 87
624 8474 132
1951 5030 168
8523 2618 120
4083 6075 36
2490 5864 45
4904 3187 168
1719 3187 168
6206 6075 70
8472 7511 116
77 5988 170
2037 5745 84
6929 4580 178
5452 6655 72
1762 6666 135
6786 4580 178
7632 4362 163
7573 6075 70
5377 5030 168
3321 5030 168
81 5260 169
7385 3050 189
3025 4821 71
1234 7511 116
3048 5030 168
7047 2559 120
3136 5864 45
6032 5909 174
1950 6075 36
6768 2329 87
1748 2611 169
3601 5864 45
568 2329 87
4641 5988 170
7009 2334 71
7009 2329 87
4945 2329 87
1156 2348 171
2475 6075 36
3016 5864 45
7742 8334 171
1478 5973 154
5904 6075 70
4219 5864 45
372 2611 169
3178 5030 168
4257 2348 171
1475 4426 210
6327 1344 61
7307 2149 16
2509 6916 171
332 949 178
2909 6075 70
8587 5866 63
8296 5864 45
558 5864 45
3371 5864 45
3215 6075 70
6218 3196 85
4794 2620 120
1632 5988 170
3185 2674 170
8265 4580 178
946 8319 176
7817 3432 174
5662 5661 50
1226 5864 45
5770 6916 72
91 5864 45
3163 7560 79
3913 3400 163
1742 4343 132
3027 4821 71
8171 6075 127
6732 2678 79
5883 4580 178
5829 5864 45
1749 5030 168
5022 5864 45
4197 5030 168
4492 6075 36
6804 6478 174
28 6075 70
7012 3804 21
3963 2329 87
4564 6075 152
393 2611 112
3202 4580 178
655 5988 170
5271 2674 170
473 5030 168
2962 6075 70
129 6560 198
5797 7604 163
1797 2611 169
3463 3208 72
7854 6075 36
7196 5988 170
1605 5030 168
4089 3187 168
6750 6075 127
5642 5988 200
4719 4955 85
2710 4580 178
470 5485 23
7772 6075 127
1774 2674 170
3497 6075 70
2097 6449 0
6954 6075 70
3791 6609 79
956 3432 174
4698 4940 163
5089 3807 170
6829 6075 127
4155 3350 170
4665 6075 70
6808 6075 70
7537 4426 210
6290 8377 72
5462 2651 18
5128 5030 168
372 5193 197
3166 3 192
8551 8033 132
4343 3458 120
5296 2611 202
2310 5030 168
4453 2329 87
7581 6075 70
563 5864 45
3244 2674 170
3445 4580 178
7986 7511 116
6070 5653 170
6085 2329 87
3375 6075 70
3408 6560 205
4935 5208 91
370 7475 17
5410 1282 22
7549 7511 116
6545 2444 169
7405 6075 36
219 5030 168
4518 5080 112
1521 5988 170
1663 3208 163
2218 5030 168
1322 2674 170
4697 3187 168
1643 8380 132
8330 2727 120
6607 4580 178
5263 4426 210
7084 6239 135
6758 5864 45
7970 7511 116
7838 5030 168
7722 1002 79
291 7202 72
3049 5988 170
947 5661 50
839 2654 85
2032 7492 170
6344 8285 84
740 5864 45
8287 3432 174
5120 7829 171
5271 4343 132
5070 5030 168
7658 6075 70
4435 5988 170
2468 5864 45
1334 5864 45
3146 5288 71
1558 5829 154
1737 5030 168
2512 6538 170
3718 1245 79
3291 3208 72
3409 4838 50
3872 2329 87
3404 5030 168
5848 718 72
7205 2329 87
4311 3803 170
6629 2329 87
464 5864 45
902 1216 174
1302 5360 171
1062 4580 178
652 2329 87
4499 4845 72
8283 2329 87
5700 4426 210
1829 5030 168
7277 5988 170
3625 5864 45
4639 5653 200
3641 6890 132
1626 4580 178
7742 4580 178
6105 7209 0
1641 6478 174
4617 5030 168
6225 5030 168
4192 3050 189
6946 2618 120
5337 4426 210
3043 2265 80
4680 6075 70
113 7689 174
5074 6075 70
696 7475 17
3336 6075 122
1347 5030 168
2688 5030 168
4043 3208 171
1111 5030 168
4840 2678 79
8528 4958 21
5302 5988 200
1123 5864 45
6686 7021 174
417 6075 36
468 2329 87
5482 6075 70
2493 4580 178
8441 8253 86
4532 7475 17
5926 5030 168
4789 5030 168
4789 4580 178
122 5864 45
482 4580 178
4959 2329 87
6632 5988 170
6196 2329 87
8579 1197 79
6527 6623 176
6271 4605 91
3421 5864 45
1238 6075 127
5298 2611 202
2644 7511 116
1292 6478 174
7545 4426 210
4130 5288 71
1688 5030 168
3799 4580 178
6014 5030 168
1274 5864 45
5368 5864 45
6396 2329 87
6741 5030 168
6511 456 85
1236 6075 127
3524 8592 171
7197 2674 170
6457 7511 116
2869 7097 84
2519 2348 72
5526 6075 70
3 5864 45
3670 3633 174
4256 5030 168
6296 949 178
4779 4535 72
2080 6496 179
5087 3120 80
3958 6075 70
3305 4914 71
5122 2727 120
2459 4580 178
2132 5988 200
1472 5653 107
1650 5030 168
3802 7475 17
1040 6478 174
2790 6075 70
3624 8543 132
194 6538 170
8561 5661 50
3072 2329 87
8181 7407 170
734 6560 198
6410 7201 191
5586 2618 120
4291 7475 17
5198 3408 206
2284 5864 45
5003 5864 45
2041 5988 170
305 6075 36
3604 8533 72
597 4129 135
2892 6075 70
2428 6560 198
1321 2674 170
4382 2257 69
3014 7798 199
4150 7227 84
1243 6916 171
8328 5864 45
2763 6751 176
8156 2559 120
1467 4580 178
1183 3187 168
5487 7746 137
7366 6478 174
936 2611 202
8392 2618 120
1360 5030 168
3067 5030 168
1153 5864 45
1509 5988 170
2258 6075 70
1365 5864 45
1521 5864 45
5930 4580 178
2151 5063 174
1868 4580 178
561 2674 170
3334 5539 75
1734 5988 170
6029 7453 163
6843 5653 67
285 8488 102
2873 2329 87
5370 7689 174
7248 6191 71
5829 2742 120
2096 5988 200
914 4631 72
5100 6600 132
6650 5030 168
229 1173 79
175 7511 116
1703 5260 169
868 2618 120
2880 8360 171
4359 4914 84
2463 2329 87
5802 2329 87
1771 5864 45
2566 5369 72
4511 4580 178
5288 6560 198
2835 4580 178
5383 6075 70
6896 5988 170
1725 5864 45
6352 5063 174
953 3052 39
8298 2728 120
3654 2611 59
3461 5508 135
7571 2329 87
2043 3187 168
1647 5030 168
7278 5030 168
3013 6075 70
154 4580 178
3811 6075 70
2270 6075 70
6209 4580 178
5347 5988 200
1374 4343 132
7643 6958 21
2777 5864 45
7379 4580 178
1790 5988 170
2804 3208 72
6227 59 79
488 5030 168
2237 5864 45
2693 6560 205
3875 4955 85
3197 3052 39
4681 6695 76
1683 5864 45
6961 5864 45
5290 2651 18
4354 4044 169
5577 3803 170
4573 7695 174
7074 808 79
4344 7227 71
2079 5988 170
2438 3208 171
2498 1840 50
7524 4718 170
3837 4108 85
6353 4649 85
3332 3458 120
8191 2618 120
1534 5030 168
7018 5988 170
8156 6075 127
1183 6655 170
8090 5988 170
4750 2880 69
1498 344 80
4003 5030 168
2325 2305 179
661 2674 72
6545 7689 174
6456 4580 178
45 5742 84
876 5988 170
3078 2348 72
2581 4580 178
5 2727 120
5247 5030 168
2268 5988 200
675 5988 170
5809 4426 210
6515 4426 210
3973 5260 169
3181 6478 174
4941 5864 45
5056 5653 170
4004 4484 135
8232 1852 79
4815 3649 85
4078 4580 178
3683 5599 176
5155 949 178
6189 5864 45
7125 6075 70
7363 556 85
3482 4108 85
6213 3308 132
841 4580 178
8503 5864 45
7088 5864 45
2047 5030 168
4905 2611 202
2525 5653 170
7202 6075 127
902 8362 176
3606 6075 70
7005 5864 45
1904 3804 170
1653 1344 61
4615 5237 170
6508 3773 69
4271 5030 168
8086 2618 120
3035 4580 178
203 949 178
4821 3432 174
6644 2618 120
1788 5988 170
3413 2348 163
8366 5864 45
2197 5030 168
7581 2329 87
5463 5864 45
4382 6075 70
5677 5030 168
6791 2329 87
3500 5539 75
6414 5864 45
427 1544 79
7035 4580 178
4616 3050 189
33 4475 85
3690 6623 176
2196 5988 200
7286 5864 45
6129 5988 21
7181 2674 170
5478 5864 45
6382 6075 36
4643 1695 171
5058 5988 170
2853 8377 72
5011 2348 171
2767 5945 163
1152 4580 178
49 2329 87
7800 949 178
7014 7511 116
2275 5864 45
5851 5988 170
1115 7626 72
1255 2742 120
7593 5564 73
326 6478 174
7721 6075 70
3915 2611 169
2947 5864 45
6484 6075 70
286 5988 170
4391 6075 70
2819 5864 45
1691 3187 168
2880 5030 168
3142 8041 179
2037 6075 70
4085 7452 171
5792 5030 168
1560 4580 178
5068 6075 70
5390 5864 45
7194 808 79
7719 2329 87
29 2329 87
4872 4580 178
2547 4838 50
7733 7511 116
4832 4580 178
7785 2618 120
7507 7511 116
4311 8237 132
5892 5030 168
8463 3653 169
2630 5864 45
2895 5988 170
8235 1273 171
1119 5988 170
2912 2329 87
8446 5988 170
489 8377 72
142 7511 116
3419 6926 163
7939 7511 116
7674 5653 170
5158 2651 18
983 2329 87
7034 6075 36
2051 6541 171
2108 6075 70
2108 3198 71
6013 2329 87
2374 4580 178
305 3187 168
3734 6907 176
6518 5129 112
2310 5988 170
1795 6655 170
7951 7511 116
945 949 178
361 5864 45
2554 2329 87
8054 6075 127
6777 3822 170
6011 6478 174
535 5288 71
2202 4649 85
8517 5864 45
6924 4928 85
2970 2329 87
8369 7511 116
7784 7511 116
7123 6075 127
3190 6075 36
24 5691 174
2338 5988 170
8459 7511 116
1075 4838 50
6507 4794 72
648 5030 168
4048 4670 176
1457 3050 189
1521 8336 176
2423 5085 171
1735 4580 178
982 5988 170
3813 2348 72
2518 5864 45
312 5988 170
3626 4580 178
1371 949 178
1440 5988 155
3520 5030 168
281 2742 120
7970 7970 114
1466 5988 170
1002 949 178
4145 2329 87
8489 7511 116
5671 2329 87
6754 5653 200
3708 3050 189
3401 1344 61
2436 3187 168
311 5564 73
1625 5988 170
6110 2329 87
7797 6478 174
664 5653 35
7454 2329 87
282 3187 168
5049 5030 168
3890 3050 189
1428 5988 170
2054 6449 0
7115 5030 168
4499 6075 70
2912 4821 71
2016 2611 169
2185 7407 170
1269 4580 178
272 4580 178
1824 7746 137
4559 5030 168
206 1313 36
223 7546 170
1708 1420 135
4040 2674 170
2116 7115 90
6662 5707 174
734 4580 178
5612 556 85
3229 7511 116
3471 6075 70
1391 6 171
448 5030 168
7434 2674 170
217 3050 189
5669 5945 154
3030 3208 171
5836 5653 170
3296 6546 75
6916 7511 116
8258 2438 79
7425 2329 87
1392 5030 168
3252 3050 189
1492 5237 170
940 5988 170
5194 5030 168
1724 5988 170
7301 7201 0
4126 7209 0
7878 4845 72
2833 5864 45
7945 7511 116
2052 5653 170
8373 5864 45
3527 5988 170
2267 4580 178
7824 7729 114
4798 5988 170
6706 7511 116
906 3198 71
3831 6075 70
4622 2674 170
7800 6655 170
7593 4808 16
2138 4580 178
202 7511 116
2118 3432 174
5627 3050 189
6168 5864 45
655 718 171
121 5988 170
4657 2611 202
1247 5030 168
6269 6313 74
7798 2611 202
7400 6016 16
2920 5988 200
3718 7227 84
654 7655 176
6643 6075 36
5450 4580 178
5490 5864 45
4311 6075 36
7407 2742 120
6826 5030 168
6248 7201 191
5808 4243 79
7953 2727 120
7697 6075 127
1993 5030 168
7982 6075 127
4729 5030 168
5701 5864 45
3613 2329 87
7296 7201 0
5453 4649 85
5559 5030 168
6419 7689 174
6472 6913 171
608 708 79
1773 4580 178
1995 6075 70
8038 2329 87
5095 3167 71
1400 1344 61
1473 6546 75
6284 5030 168
1675 5864 45
3077 3196 85
578 949 178
3535 4611 174
3173 4838 50
535 5539 75
2507 949 178
3797 5490 72
188 5539 75
402 2674 170
4984 5288 71
1259 2611 169
7608 6075 127
1395 6075 70
8091 6075 127
7374 4580 178
6996 2329 87
6655 2651 18
4987 6478 174
7037 5864 45
6300 6075 70
3526 4044 169
531 5988 170
1848 3187 168
6479 5030 168
5780 1739 91
6480 4580 178
1887 5988 170
